5,0.95,0.15,0.19,4.29,28.9,0.020
6,0.95,0.17,0.24,4.29,29.1,0.020
7,0.95,0.20,0.23,4.29,29.1,0.022
8,0.95,0.19,0.22,4.29,29.1,0.022
9,0.96,0.21,0.21,4.29,29.1,0.022
C,0.96,0.19,0.23,4.28,29.1,0.020
0,0.96,0.20,0.20,4.29,29.1,0.022
1,0.97,0.20,0.21,4.29,29.1,0.022
2,0.96,0.19,0.22,4.29,29.1,0.022
3,0.96,0.19,0.21,4.29,29.1,0.022
4,0.96,0.17,0.20,4.29,29.1,0.022
5,0.95,0.23,0.21,4.29,29.1,0.022
6,0.96,0.27,0.21,4.29,29.1,0.022
7,0.95,0.26,0.20,4.29,29.1,0.022
8,0.95,0.25,0.21,4.29,29.1,0.022
9,0.95,0.26,0.20,4.29,29.1,0.022
C,0.95,0.26,0.20,4.29,29.1,0.022
0,0.95,0.26,0.22,4.29,29.1,0.022
1,0.95,0.24,0.20,4.29,29.1,0.022
2,0.96,0.24,0.21,4.29,29.1,0.022
3,0.96,0.23,0.18,4.29,29.1,0.022
4,0.96,0.23,0.18,4.29,29.1,0.022
5,0.96,0.22,0.19,4.29,29.1,0.022
6,0.96,0.23,0.19,4.29,29.1,0.022
7,0.96,0.22,0.17,4.29,29.1,0.022
8,0.96,0.21,0.18,4.29,29.3,0.022
9,0.96,0.21,0.18,4.29,29.3,0.022
C,0.96,0.21,0.17,4.29,29.3,0.022
0,0.96,0.21,0.18,4.29,29.3,0.020
1,0.96,0.23,0.18,4.29,29.1,0.022
2,0.96,0.21,0.18,4.29,29.1,0.022
3,0.96,0.21,0.18,4.29,29.1,0.022
4,0.96,0.22,0.18,4.29,29.1,0.022
5,0.96,0.22,0.19,4.29,29.1,0.022
6,0.96,0.22,0.20,4.29,29.3,0.022
7,0.96,0.19,0.16,4.29,29.3,0.022
8,0.96,0.21,0.21,4.29,29.3,0.022
9,0.78,-0.19,0.32,4.29,29.3,0.022
C,0.46,0.93,-0.44,4.29,29.1,0.022
0,0.22,1.93,0.29,4.29,29.1,0.022
1,0.14,1.19,0.61,4.29,29.1,0.022
2,0.14,0.97,0.70,4.29,29.3,0.022
3,0.08,0.74,0.70,4.29,29.3,0.022
4,0.08,0.84,0.71,4.29,29.3,0.022
5,0.07,0.85,0.68,4.29,29.3,0.022
6,0.07,0.85,0.69,4.29,29.1,0.022
7,0.08,0.87,0.67,4.29,29.3,0.022
8,0.06,0.87,0.68,4.29,29.3,0.022
9,0.08,0.87,0.66,4.29,29.3,0.022
C,0.06,0.87,0.67,4.29,29.3,0.022
0,0.07,0.87,0.66,4.29,29.3,0.022
1,0.06,0.87,0.67,4.29,29.3,0.024
2,0.07,0.87,0.67,4.29,29.3,0.022
3,0.07,0.86,0.67,4.29,29.3,0.022
4,0.08,0.86,0.66,4.29,29.3,0.022
5,0.07,0.86,0.67,4.29,29.3,0.022
6,0.07,0.86,0.67,4.29,29.3,0.022
7,0.07,0.86,0.68,4.29,29.1,0.022
8,0.07,0.86,0.68,4.29,29.3,0.022
9,0.07,0.86,0.69,4.29,29.3,0.022
C,0.07,0.85,0.69,4.29,29.3,0.022
0,0.06,0.85,0.70,4.29,29.3,0.022
1,0.07,0.85,0.69,4.29,29.3,0.022
2,0.07,0.85,0.69,4.29,29.3,0.022
3,0.07,0.86,0.69,4.29,29.3,0.024
4,0.08,0.85,0.68,4.29,29.3,0.022
5,0.07,0.85,0.69,4.29,29.3,0.022
6,0.07,0.85,0.69,4.29,29.3,0.024
7,0.07,0.86,0.70,4.29,29.3,0.022
8,0.07,0.85,0.69,4.29,29.3,0.022
9,0.07,0.85,0.69,4.29,29.3,0.022
C,0.07,0.85,0.69,4.29,29.3,0.022
0,0.07,0.85,0.69,4.29,29.3,0.024
1,0.07,0.85,0.69,4.29,29.3,0.024
2,0.07,0.85,0.69,4.29,29.3,0.022
3,0.07,0.85,0.70,4.29,29.3,0.022
4,0.07,0.85,0.69,4.29,29.3,0.024
5,0.07,0.85,0.70,4.29,29.3,0.024
6,0.08,0.85,0.69,4.29,29.3,0.024
7,0.08,0.86,0.70,4.29,29.3,0.024
8,0.08,0.86,0.69,4.29,29.3,0.022
9,0.07,0.85,0.68,4.29,29.3,0.022
C,0.08,0.85,0.69,4.29,29.3,0.022
0,0.07,0.86,0.69,4.29,29.3,0.024
1,0.07,0.86,0.69,4.29,29.3,0.024
2,0.07,0.85,0.68,4.29,29.7,0.024
3,0.08,0.86,0.68,4.29,29.7,0.022
4,0.07,0.85,0.69,4.29,29.7,0.024
5,0.07,0.85,0.69,4.29,29.7,0.024
6,0.08,0.85,0.69,4.28,29.3,0.022
7,0.08,0.85,0.69,4.29,29.5,0.024
8,0.07,0.85,0.69,4.29,29.3,0.024
9,0.08,0.86,0.68,4.29,29.3,0.026
C,0.08,0.86,0.68,4.29,29.3,0.024
0,0.07,0.85,0.70,4.29,29.3,0.024
1,0.09,0.85,0.68,4.29,29.5,0.026
2,0.06,0.86,0.69,4.29,29.3,0.026
3,0.09,0.85,0.69,4.29,29.3,0.026
4,0.07,0.86,0.68,4.29,29.5,0.026
5,0.07,0.84,0.70,4.29,29.3,0.028
6,0.08,0.85,0.70,4.29,29.5,0.028
7,0.08,0.85,0.68,4.29,29.3,0.026
8,0.08,0.85,0.71,4.28,29.5,0.028
9,0.08,0.85,0.68,4.29,29.5,0.026
C,0.09,0.85,0.68,4.29,29.3,0.026
0,0.08,0.84,0.71,4.29,29.3,0.028
1,0.08,0.85,0.69,4.29,29.5,0.028
2,0.07,0.85,0.69,4.29,29.3,0.028
3,0.07,0.85,0.69,4.29,29.5,0.028
4,0.08,0.85,0.69,4.29,29.3,0.028
5,0.09,0.85,0.68,4.29,29.3,0.028
6,0.06,0.85,0.69,4.29,29.5,0.030
7,0.16,0.84,0.67,4.29,29.5,0.030
8,0.07,0.85,0.71,4.29,29.5,0.030
9,0.08,0.84,0.69,4.29,29.5,0.030
C,0.12,0.83,0.70,4.29,29.5,0.030
0,0.02,0.86,0.69,4.29,29.5,0.030
1,0.13,0.82,0.69,4.29,29.5,0.032
2,0.09,0.83,0.71,4.29,29.5,0.030
3,0.06,0.86,0.70,4.29,29.5,0.034
4,0.09,0.84,0.71,4.29,29.5,0.032
5,0.08,0.84,0.71,4.29,29.5,0.034
6,0.08,0.84,0.70,4.29,29.5,0.036
7,0.08,0.83,0.71,4.29,29.5,0.038
8,0.07,0.83,0.71,4.29,29.5,0.040
9,0.08,0.83,0.72,4.29,29.3,0.040
C,0.08,0.83,0.72,4.29,29.5,0.043
0,0.08,0.83,0.71,4.29,29.5,0.040
1,0.08,0.83,0.72,4.29,29.5,0.040
2,0.08,0.83,0.71,4.29,29.5,0.043
3,0.08,0.83,0.71,4.29,29.5,0.045
4,0.08,0.83,0.71,4.29,29.5,0.045
5,0.08,0.83,0.72,4.29,29.5,0.045
6,0.08,0.84,0.71,4.28,29.5,0.045
7,0.08,0.83,0.72,4.29,29.5,0.047
8,0.08,0.83,0.72,4.29,29.5,0.047
9,0.08,0.83,0.71,4.29,29.5,0.049
C,0.07,0.84,0.72,4.29,29.5,0.049
0,0.08,0.84,0.71,4.29,29.5,0.051
1,0.08,0.84,0.72,4.29,29.5,0.049
2,0.08,0.83,0.72,4.29,29.5,0.051
3,0.08,0.83,0.71,4.29,29.5,0.051
4,0.08,0.83,0.72,4.29,29.5,0.047
5,0.08,0.83,0.72,4.29,29.5,0.047
6,0.08,0.84,0.71,4.29,29.5,0.049
7,0.07,0.83,0.71,4.29,29.5,0.051
8,0.05,0.91,0.76,4.29,29.5,0.051
9,0.08,1.04,0.61,4.29,29.5,0.051
C,-0.03,0.93,0.20,4.29,29.5,0.051
0,-0.04,0.86,0.21,4.29,29.5,0.049
1,0.08,0.94,0.54,4.29,29.5,0.047
2,-0.10,0.93,0.63,4.29,29.5,0.047
3,-0.01,0.90,0.58,4.29,29.5,0.047
4,-0.05,0.88,0.63,4.29,29.5,0.045
5,-0.05,0.85,0.74,4.29,29.5,0.045
6,-0.06,0.81,0.73,4.29,29.5,0.045
7,-0.06,0.83,0.73,4.29,29.7,0.044
8,-0.05,0.83,0.74,4.29,29.5,0.045
9,-0.06,0.82,0.74,4.29,29.5,0.042
C,-0.07,0.82,0.75,4.29,29.5,0.042
0,-0.06,0.82,0.73,4.29,29.7,0.043
1,-0.06,0.82,0.72,4.29,29.5,0.040
2,-0.06,0.82,0.74,4.29,29.5,0.040
3,-0.06,0.81,0.74,4.29,29.5,0.042
4,-0.06,0.81,0.76,4.29,29.5,0.040
5,-0.06,0.80,0.74,4.29,29.5,0.042
6,-0.06,0.81,0.77,4.29,29.5,0.040
7,-0.06,0.81,0.76,4.29,29.5,0.040
8,-0.06,0.81,0.75,4.29,29.7,0.040
9,-0.05,0.81,0.77,4.29,29.5,0.040
C,-0.06,0.79,0.76,4.29,29.5,0.040
0,-0.06,0.80,0.77,4.29,29.5,0.040
1,-0.06,0.79,0.76,4.29,29.5,0.040
2,-0.06,0.80,0.77,4.29,29.5,0.040
3,-0.06,0.80,0.78,4.29,29.5,0.040
4,-0.06,0.79,0.78,4.29,29.7,0.040
5,-0.06,0.80,0.78,4.29,29.5,0.040
6,-0.06,0.79,0.77,4.28,29.7,0.040
7,-0.06,0.80,0.77,4.29,29.5,0.040
8,-0.05,0.80,0.78,4.29,29.7,0.040
9,-0.06,0.79,0.77,4.29,29.5,0.040
C,-0.06,0.79,0.77,4.29,29.5,0.038
0,-0.06,0.79,0.77,4.29,29.7,0.040
1,-0.06,0.79,0.78,4.29,29.5,0.040
2,-0.07,0.78,0.79,4.29,29.5,0.038
3,-0.06,0.79,0.78,4.29,29.7,0.038
4,-0.06,0.79,0.78,4.29,29.7,0.038
5,-0.06,0.78,0.79,4.29,29.5,0.040
6,-0.06,0.79,0.79,4.29,29.7,0.038
7,-0.06,0.78,0.78,4.29,29.5,0.038
8,-0.06,0.79,0.78,4.29,29.7,0.040
9,-0.06,0.78,0.78,4.29,29.5,0.040
C,-0.06,0.78,0.78,4.29,29.7,0.040
0,-0.06,0.78,0.79,4.29,29.7,0.040
1,-0.06,0.79,0.80,4.29,29.7,0.040
2,-0.05,0.81,0.78,4.29,29.5,0.040
3,-0.06,0.85,0.70,4.29,29.7,0.040
4,-0.06,0.87,0.64,4.29,29.7,0.038
5,-0.06,0.88,0.66,4.29,29.7,0.040
6,-0.07,0.85,0.69,4.29,29.7,0.040
7,-0.08,0.75,0.72,4.29,29.7,0.038
8,-0.05,0.75,0.85,4.29,29.7,0.038
9,-0.05,0.79,0.83,4.29,29.7,0.038
C,-0.06,0.77,0.76,4.29,29.7,0.038
0,-0.07,0.80,0.77,4.29,29.7,0.038
1,-0.07,0.81,0.76,4.29,29.5,0.036
2,-0.07,0.74,0.77,4.29,29.7,0.036
3,-0.08,0.77,0.82,4.29,29.7,0.038
4,-0.07,0.70,0.88,4.29,29.7,0.038
5,-0.03,0.67,0.88,4.29,29.7,0.036
6,-0.06,0.70,0.81,4.29,29.7,0.038
7,-0.07,0.82,1.00,4.28,29.7,0.036
8,-0.01,0.73,0.90,4.29,29.7,0.038
9,0.00,0.64,0.97,4.29,29.7,0.038
C,0.08,0.58,0.88,4.29,29.7,0.038
0,0.11,0.65,0.84,4.29,29.7,0.038
1,0.11,0.73,0.83,4.29,29.7,0.038
2,0.17,0.65,0.85,4.29,29.7,0.036
3,0.12,0.68,0.88,4.29,29.7,0.038
4,0.15,0.69,0.84,4.29,29.7,0.038
5,0.10,0.68,0.87,4.29,29.7,0.040
6,0.15,0.69,0.87,4.29,29.7,0.040
7,0.13,0.71,0.86,4.29,29.7,0.038
8,0.15,0.70,0.86,4.29,29.7,0.038
9,0.15,0.68,0.87,4.29,29.7,0.040
C,0.15,0.70,0.87,4.29,29.7,0.040
0,0.14,0.69,0.86,4.29,29.7,0.040
1,0.15,0.72,0.85,4.29,29.7,0.038
2,0.18,0.91,0.93,4.29,29.7,0.040
3,0.21,1.03,0.61,4.29,29.7,0.040
4,0.44,0.55,0.57,4.29,29.7,0.040
5,0.75,0.31,0.61,4.29,29.7,0.043
6,0.87,0.36,0.41,4.29,29.7,0.043
7,0.82,0.41,0.45,4.29,29.7,0.042
8,0.84,0.43,0.47,4.29,29.7,0.043
9,0.86,0.36,0.44,4.29,29.7,0.043
C,0.84,0.41,0.46,4.29,29.7,0.040
0,0.84,0.38,0.49,4.29,29.7,0.040
1,0.84,0.42,0.46,4.29,29.7,0.040
2,0.85,0.39,0.46,4.28,29.7,0.040
3,0.86,0.40,0.48,4.29,29.9,0.043
4,0.85,0.39,0.47,4.28,29.7,0.040
5,0.85,0.38,0.47,4.29,29.9,0.043
6,0.86,0.38,0.47,4.29,29.9,0.040
7,0.85,0.39,0.46,4.29,29.7,0.040
8,0.84,0.38,0.49,4.29,29.7,0.042
9,0.86,0.38,0.45,4.29,29.9,0.040
C,0.86,0.36,0.42,4.29,29.7,0.043
0,0.84,0.39,0.46,4.29,29.9,0.040
1,0.86,0.37,0.45,4.29,29.7,0.040
2,0.84,0.40,0.41,4.29,29.9,0.040
3,0.81,0.63,0.45,4.29,29.7,0.040
4,0.82,0.48,0.49,4.29,29.7,0.040
5,0.83,0.44,0.41,4.29,29.7,0.043
6,0.83,0.50,0.45,4.29,29.7,0.043
7,0.81,0.48,0.49,4.29,29.9,0.043
8,0.77,0.38,0.47,4.29,29.7,0.040
9,0.49,-0.00,0.47,4.29,29.7,0.043
C,-0.15,1.40,1.00,4.29,29.9,0.042
0,0.10,1.15,0.65,4.29,29.9,0.044
1,0.19,1.46,1.10,4.29,29.9,0.042
2,0.09,0.76,0.87,4.29,29.9,0.045
3,0.10,0.81,0.74,4.29,29.9,0.045
4,0.05,0.82,0.77,4.29,29.9,0.045
5,0.06,0.78,0.77,4.29,29.9,0.045
6,0.06,0.82,0.76,4.29,29.9,0.045
7,0.06,0.77,0.80,4.29,29.9,0.047
8,0.07,0.82,0.75,4.29,29.9,0.047
9,0.05,0.84,0.69,4.29,29.9,0.049
C,0.07,0.84,0.73,4.29,29.7,0.053
0,0.07,0.83,0.73,4.28,29.9,0.053
1,0.06,0.87,0.66,4.29,29.9,0.055
2,0.07,0.83,0.72,4.29,29.9,0.053
3,0.05,0.86,0.72,4.29,29.9,0.055
4,0.09,0.86,0.69,4.29,29.9,0.053
5,0.04,0.83,0.73,4.28,29.9,0.055
6,0.06,0.85,0.75,4.29,29.9,0.055
7,0.05,0.77,0.75,4.29,29.9,0.053
8,0.04,0.79,0.73,4.29,29.9,0.053
9,0.04,0.80,0.77,4.29,29.9,0.053
C,0.05,0.80,0.76,4.29,29.9,0.055
0,0.06,0.81,0.74,4.29,29.9,0.057
1,0.07,0.86,0.89,4.29,29.9,0.055
2,0.05,0.82,0.78,4.29,29.9,0.057
3,0.08,0.81,0.77,4.29,29.9,0.057
4,0.05,0.79,0.78,4.29,29.9,0.057
5,0.06,0.81,0.77,4.29,29.9,0.053
6,0.07,0.85,0.84,4.29,29.9,0.055
7,0.03,0.77,0.75,4.29,29.9,0.055
8,0.07,0.73,0.83,4.29,30.1,0.055
9,0.05,0.74,0.82,4.29,29.9,0.055
C,0.07,0.78,0.81,4.29,29.9,0.053
0,0.09,0.80,1.00,4.29,29.9,0.055
1,0.07,0.77,0.87,4.29,29.9,0.055
2,0.04,0.74,0.74,4.29,29.9,0.053
3,0.07,0.78,0.81,4.29,29.9,0.055
4,0.05,0.75,0.82,4.29,29.9,0.053
5,0.11,0.80,0.77,4.29,29.9,0.053
6,0.10,0.82,0.81,4.29,29.9,0.057
7,0.05,0.77,0.81,4.29,29.9,0.055
8,0.06,0.78,0.77,4.29,29.9,0.055
9,0.07,0.78,0.79,4.29,29.9,0.055
C,0.06,0.77,0.80,4.29,29.9,0.055
0,0.07,0.78,0.78,4.29,29.9,0.053
1,0.06,0.70,0.73,4.28,29.9,0.055
2,0.04,0.78,0.77,4.29,29.9,0.055
3,0.10,0.83,0.85,4.29,29.9,0.053
4,0.04,0.80,0.69,4.29,30.1,0.053
5,0.06,0.83,0.77,4.29,29.9,0.057
6,0.08,0.86,0.77,4.29,29.9,0.057
7,0.06,0.85,0.80,4.28,29.9,0.057
8,0.06,0.83,0.68,4.29,30.1,0.053
9,0.08,0.90,0.71,4.29,29.9,0.053
C,0.08,0.91,0.65,4.29,29.9,0.053
0,0.07,0.88,0.67,4.29,29.9,0.055
1,0.03,0.87,0.63,4.29,29.9,0.053
2,0.05,0.83,0.81,4.29,29.9,0.053
3,0.08,0.71,0.85,4.29,29.9,0.055
4,0.05,0.73,0.86,4.29,30.1,0.053
5,0.03,0.73,0.76,4.29,29.9,0.053
6,0.03,0.69,0.80,4.29,29.9,0.053
7,0.06,0.74,0.76,4.29,29.9,0.055
8,0.04,0.75,0.89,4.28,29.9,0.053
9,0.06,0.75,0.84,4.29,29.9,0.053
C,0.07,0.76,0.84,4.29,30.1,0.053
0,0.06,0.74,0.81,4.29,29.9,0.053
1,0.06,0.74,0.84,4.29,29.9,0.053
2,0.07,0.74,0.82,4.29,30.1,0.053
3,0.11,0.80,0.83,4.28,29.9,0.053
4,0.04,0.68,0.76,4.29,29.9,0.055
5,0.04,0.72,0.82,4.29,29.9,0.053
6,0.04,0.67,0.82,4.29,29.9,0.053
7,0.07,0.77,0.85,4.29,30.1,0.055
8,0.08,0.75,0.84,4.29,30.1,0.053
9,0.05,0.69,0.73,4.29,29.9,0.053
C,0.04,0.78,0.93,4.29,30.1,0.053
0,0.06,0.78,0.81,4.29,29.9,0.053
1,0.06,0.74,0.83,4.29,29.9,0.053
2,0.07,0.77,0.87,4.29,30.1,0.053
3,0.07,0.76,0.82,4.29,29.9,0.053
4,0.09,0.77,0.80,4.29,30.1,0.055
5,0.05,0.76,0.83,4.29,29.9,0.053
6,0.07,0.76,0.83,4.29,30.1,0.053
7,0.07,0.73,0.81,4.29,30.1,0.053
8,0.04,0.72,0.79,4.28,30.1,0.053
9,0.08,0.75,0.84,4.29,30.1,0.053
C,0.14,0.86,0.92,4.29,30.1,0.053
0,0.02,0.65,0.79,4.28,30.1,0.053
1,0.08,0.74,0.78,4.29,30.1,0.053
2,0.05,0.72,0.81,4.29,30.1,0.053
3,0.06,0.75,0.80,4.28,30.1,0.053
4,0.07,0.76,0.81,4.29,30.1,0.053
5,0.08,0.77,0.82,4.29,30.1,0.053
6,0.07,0.76,0.79,4.29,30.1,0.053
7,0.08,0.76,0.80,4.29,30.1,0.053
8,0.06,0.76,0.81,4.29,30.1,0.053
9,0.07,0.77,0.80,4.29,30.1,0.053
C,0.07,0.76,0.80,4.29,30.1,0.053
0,0.07,0.76,0.81,4.29,30.1,0.053
1,0.08,0.76,0.81,4.29,29.9,0.053
2,0.09,0.75,0.82,4.28,30.1,0.053
3,0.08,0.77,0.84,4.29,30.1,0.053
4,0.09,0.74,0.82,4.29,30.1,0.055
5,0.10,0.74,0.83,4.29,30.1,0.053
6,0.10,0.75,0.82,4.28,30.1,0.053
7,0.12,0.77,0.80,4.29,30.1,0.053
8,0.09,0.77,0.81,4.29,30.1,0.053
9,0.09,0.78,0.80,4.29,30.1,0.053
C,0.08,0.77,0.81,4.29,30.1,0.053
0,0.08,0.76,0.80,4.29,30.1,0.053
1,0.07,0.76,0.80,4.29,30.1,0.053
2,0.08,0.77,0.81,4.29,30.1,0.053
3,0.08,0.76,0.81,4.29,30.1,0.053
4,0.09,0.77,0.81,4.29,30.1,0.053
5,0.08,0.76,0.81,4.28,30.1,0.053
6,0.06,0.77,0.81,4.28,30.1,0.053
7,0.11,0.76,0.81,4.29,30.1,0.053
8,-0.20,0.85,0.86,4.29,30.1,0.053
9,-0.32,0.88,0.77,4.29,30.1,0.055
C,-0.31,0.50,0.74,4.29,30.1,0.053
0,0.23,0.61,0.66,4.28,30.1,0.055
1,0.50,0.60,0.90,4.29,30.1,0.055
2,0.02,0.56,1.12,4.29,30.1,0.053
3,-0.03,0.57,1.19,4.28,30.1,0.053
4,0.08,0.60,1.01,4.29,30.1,0.053
5,0.06,0.53,1.00,4.28,30.1,0.055
6,0.08,0.53,1.00,4.29,30.1,0.053
7,0.08,0.54,1.00,4.29,30.1,0.053
8,0.10,0.54,0.99,4.29,30.1,0.053
9,0.08,0.54,0.99,4.29,30.1,0.055
C,0.09,0.54,0.99,4.29,30.1,0.053
0,0.08,0.54,0.99,4.28,30.1,0.053
1,0.09,0.54,0.99,4.28,30.1,0.053
2,0.09,0.55,0.99,4.29,30.1,0.053
3,0.09,0.55,0.98,4.29,30.4,0.055
4,0.07,0.54,0.99,4.29,30.1,0.055
5,0.09,0.55,0.99,4.29,30.1,0.053
6,0.09,0.55,0.98,4.28,30.1,0.055
7,0.09,0.56,0.97,4.29,30.1,0.053
8,0.09,0.56,0.99,4.29,30.1,0.053
9,0.08,0.55,0.98,4.29,30.1,0.055
C,0.08,0.56,0.99,4.28,30.1,0.055
0,0.09,0.55,0.98,4.29,30.1,0.053
1,0.09,0.56,0.98,4.29,30.1,0.053
2,0.09,0.55,0.98,4.29,30.1,0.055
3,0.09,0.55,0.98,4.29,30.4,0.053
4,0.09,0.55,0.97,4.28,30.1,0.053
5,0.07,0.55,0.99,4.29,30.1,0.053
6,0.10,0.55,0.98,4.29,30.1,0.053
7,0.11,0.55,0.98,4.29,30.1,0.053
8,0.10,0.56,0.99,4.29,30.1,0.053
9,0.09,0.56,0.98,4.28,30.1,0.053
C,0.09,0.56,0.98,4.28,30.4,0.053
0,0.10,0.55,0.98,4.29,30.1,0.053
1,0.10,0.56,0.98,4.29,30.4,0.055
2,0.09,0.55,0.98,4.29,30.4,0.053
3,0.10,0.55,0.98,4.29,30.1,0.053
4,0.10,0.55,0.99,4.28,30.1,0.053
5,0.10,0.55,0.98,4.29,30.1,0.053
6,0.10,0.56,0.98,4.29,30.4,0.053
7,0.09,0.56,0.98,4.29,30.1,0.053
8,0.10,0.56,0.98,4.29,30.4,0.055
9,0.09,0.56,0.98,4.29,30.4,0.055
C,0.10,0.55,0.98,4.29,30.4,0.053
0,0.10,0.56,0.97,4.29,30.4,0.053
1,0.10,0.55,0.98,4.29,30.1,0.053
2,0.09,0.55,0.98,4.29,30.1,0.055
3,0.10,0.55,0.98,4.28,30.4,0.053
4,0.10,0.55,0.98,4.29,30.1,0.053
5,0.09,0.56,0.98,4.29,30.4,0.055
6,0.09,0.55,0.99,4.29,30.4,0.053
7,0.10,0.55,0.98,4.29,30.4,0.053
8,0.10,0.55,0.98,4.29,30.4,0.053
9,0.10,0.55,0.98,4.28,30.4,0.053
C,0.10,0.55,0.99,4.29,30.4,0.053
0,0.10,0.55,0.99,4.29,30.4,0.053
1,0.10,0.55,0.98,4.29,30.4,0.053
2,0.10,0.55,0.99,4.29,30.4,0.053
3,0.10,0.55,0.98,4.28,30.1,0.053
4,0.10,0.55,0.99,4.28,30.4,0.053
5,0.10,0.55,0.98,4.29,30.4,0.053
6,0.10,0.55,0.99,4.29,30.4,0.053
7,0.10,0.54,0.99,4.28,30.4,0.053
8,0.10,0.55,0.99,4.29,30.4,0.053
9,0.10,0.55,0.98,4.29,30.4,0.053
C,0.10,0.55,0.98,4.29,30.4,0.053
0,0.10,0.55,0.99,4.29,30.4,0.053
1,0.11,0.54,0.99,4.28,30.1,0.055
2,0.11,0.54,0.98,4.28,30.4,0.053
3,0.08,0.57,0.96,4.29,30.4,0.053
4,0.11,0.57,0.96,4.29,30.4,0.053
5,0.10,0.59,0.96,4.29,30.4,0.053
6,0.11,0.59,0.96,4.29,30.4,0.053
7,0.12,0.57,0.97,4.29,30.4,0.055
8,0.11,0.58,0.96,4.29,30.4,0.053
9,0.11,0.58,0.97,4.29,30.4,0.053
C,0.12,0.58,0.96,4.29,30.4,0.055
0,0.12,0.58,0.96,4.29,30.4,0.055
1,0.12,0.58,0.96,4.29,30.4,0.053
2,0.12,0.58,0.96,4.28,30.4,0.055
3,0.12,0.57,0.96,4.29,30.4,0.053
4,0.12,0.59,0.97,4.29,30.4,0.053
5,0.12,0.59,0.97,4.29,30.4,0.053
6,0.11,0.62,0.93,4.29,30.4,0.055
7,0.08,0.59,0.97,4.29,30.4,0.053
8,0.07,0.65,1.17,4.28,30.4,0.053
9,-0.08,0.67,1.13,4.29,30.4,0.053
C,0.26,0.86,0.79,4.29,30.4,0.053
0,0.57,0.51,0.37,4.28,30.4,0.055
1,0.66,0.15,0.23,4.28,30.4,0.055
2,0.90,-0.02,0.36,4.29,30.4,0.053
3,0.94,-0.02,0.25,4.29,30.4,0.053
4,0.95,0.18,0.35,4.28,30.4,0.055
5,0.98,0.18,0.31,4.29,30.4,0.053
6,0.95,0.23,0.25,4.29,30.4,0.053
7,0.95,0.16,0.29,4.29,30.4,0.053
8,0.96,0.17,0.28,4.29,30.4,0.053
9,0.96,0.18,0.28,4.28,30.4,0.053
C,0.96,0.17,0.28,4.29,30.4,0.053
0,0.96,0.17,0.28,4.29,30.4,0.055
1,0.96,0.19,0.28,4.28,30.4,0.055
2,0.96,0.20,0.19,4.29,30.4,0.053
3,0.98,0.22,0.19,4.29,30.4,0.053
4,0.96,0.22,0.10,4.29,30.4,0.053
5,0.97,0.16,0.16,4.29,30.4,0.053
6,0.96,0.21,0.11,4.28,30.4,0.055
7,0.96,0.22,0.17,4.28,30.4,0.057
8,0.96,0.23,0.12,4.29,30.6,0.057
9,0.96,0.21,0.15,4.29,30.4,0.057
C,0.96,0.22,0.13,4.29,30.4,0.057
0,0.96,0.22,0.12,4.28,30.4,0.057
1,0.96,0.19,0.12,4.28,30.4,0.055
2,0.96,0.23,0.11,4.29,30.4,0.057
3,0.96,0.25,0.13,4.28,30.4,0.057
4,0.96,0.22,0.12,4.28,30.4,0.057
5,0.96,0.22,0.12,4.29,30.4,0.059
6,0.96,0.22,0.09,4.29,30.4,0.057
7,0.97,0.20,0.10,4.28,30.4,0.057
8,0.96,0.22,0.10,4.29,30.4,0.059
9,0.96,0.21,0.10,4.29,30.4,0.059
C,0.96,0.20,0.09,4.29,30.4,0.059
0,0.96,0.21,0.09,4.28,30.6,0.057
1,0.96,0.21,0.09,4.29,30.4,0.057
2,0.96,0.21,0.09,4.29,30.4,0.057
3,0.96,0.22,0.09,4.29,30.6,0.057
4,0.96,0.23,0.09,4.29,30.4,0.057
5,0.96,0.20,0.10,4.28,30.4,0.057
6,0.95,0.22,0.09,4.29,30.6,0.057
7,0.96,0.23,0.10,4.29,30.4,0.057
8,0.96,0.22,0.10,4.29,30.6,0.057
9,0.95,0.25,0.09,4.29,30.4,0.057
C,0.96,0.23,0.08,4.29,30.6,0.057
0,0.96,0.20,0.09,4.28,30.4,0.057
1,0.96,0.22,0.09,4.29,30.6,0.057
2,0.97,0.22,0.09,4.29,30.4,0.057
3,0.96,0.22,0.09,4.29,30.6,0.057
4,0.94,0.18,0.00,4.28,30.6,0.057
5,0.63,0.46,0.37,4.28,30.6,0.057
6,1.57,2.41,0.67,4.29,30.6,0.057
7,-0.39,-0.72,-1.19,4.29,30.6,0.057
8,-0.66,0.34,0.40,4.29,30.4,0.053
9,-0.33,2.22,1.10,4.28,30.6,0.049
C,-0.80,-2.45,-0.01,4.28,30.6,0.055
0,2.95,4.26,3.99,4.29,30.6,0.053
1,-1.55,1.39,-1.02,4.29,30.6,0.055
2,-1.18,1.50,4.59,4.28,30.4,0.049
3,0.12,-0.98,1.20,4.29,30.6,0.053
4,-0.75,-0.96,0.09,4.28,30.6,0.101
5,1.71,3.32,2.99,4.29,30.6,0.090
6,-0.05,-3.91,1.30,4.29,30.6,0.103
7,-0.65,4.28,2.27,4.28,30.6,0.103
8,-1.99,0.86,-0.90,4.29,30.6,0.098
9,-0.62,2.05,3.80,4.28,30.6,0.094
C,0.00,-0.69,0.42,4.29,30.6,0.070
0,0.79,1.30,-0.35,4.28,30.4,0.072
1,0.98,0.00,0.34,4.28,30.6,0.075
2,0.87,0.09,-0.12,4.28,30.6,0.072
3,0.98,-0.10,0.10,4.28,30.6,0.070
4,0.93,0.00,-0.13,4.29,30.6,0.070
5,0.74,-0.02,-0.29,4.29,30.6,0.070
6,0.92,0.43,-0.21,4.28,30.6,0.072
7,0.78,0.49,-0.56,4.28,30.6,0.083
8,0.73,0.25,-0.48,4.29,30.6,0.083
9,0.70,0.44,-0.46,4.28,30.6,0.070
C,0.72,0.67,-0.30,4.28,30.6,0.077
0,0.74,0.69,-0.30,4.29,30.6,0.134
1,0.97,0.22,-0.03,4.28,30.6,0.179
2,0.82,0.48,-0.11,4.28,30.6,0.198
3,0.87,0.41,-0.04,4.29,30.6,0.207
4,0.88,0.44,-0.01,4.29,30.6,0.212
5,0.88,0.48,-0.05,4.28,30.6,0.213
6,0.85,0.48,-0.03,4.28,30.6,0.211
7,0.86,0.49,-0.04,4.29,30.6,0.210
8,0.86,0.46,-0.03,4.29,30.6,0.212
9,0.85,0.46,-0.03,4.29,30.6,0.212
C,0.85,0.46,-0.03,4.29,30.6,0.212
0,0.85,0.46,-0.03,4.28,30.6,0.213
1,0.84,0.48,-0.03,4.28,30.6,0.213
2,0.86,0.48,-0.04,4.28,30.6,0.208
3,0.85,0.49,-0.06,4.29,30.6,0.207
4,0.85,0.50,-0.04,4.28,30.6,0.211
5,0.85,0.50,-0.04,4.29,30.6,0.207
6,0.84,0.49,-0.02,4.29,30.6,0.207
7,0.87,0.50,-0.05,4.28,30.6,0.208
8,0.86,0.49,-0.04,4.28,30.6,0.211
9,0.85,0.48,-0.01,4.28,30.6,0.211
C,0.85,0.49,-0.03,4.28,30.6,0.211
0,0.83,0.50,-0.03,4.28,30.6,0.211
1,0.85,0.50,-0.03,4.29,30.6,0.207
2,0.85,0.50,-0.01,4.29,30.6,0.207
3,0.84,0.50,-0.01,4.28,30.6,0.211
4,0.86,0.50,-0.01,4.28,30.6,0.205
5,0.87,0.49,0.00,4.28,30.6,0.208
6,0.84,0.50,0.02,4.29,30.8,0.205
7,0.86,0.50,0.00,4.28,30.6,0.205
8,0.88,0.48,0.02,4.28,30.6,0.205
9,0.88,0.47,0.05,4.28,30.6,0.208
C,0.89,0.47,0.04,4.28,30.6,0.205
0,0.90,0.43,0.06,4.29,30.6,0.205
1,0.89,0.43,0.08,4.29,30.6,0.203
2,0.88,0.46,0.09,4.28,30.6,0.203
3,0.88,0.45,0.08,4.28,30.6,0.203
4,0.91,0.41,0.07,4.28,30.8,0.203
5,0.89,0.41,0.06,4.28,30.8,0.203
6,0.90,0.43,0.03,4.29,30.6,0.203
7,0.94,0.40,0.11,4.28,30.8,0.196
8,0.86,0.43,0.08,4.28,30.6,0.193
9,0.91,0.40,0.07,4.28,30.6,0.196
C,0.90,0.39,0.07,4.29,30.8,0.193
0,0.91,0.39,0.07,4.28,30.8,0.193
1,0.92,0.40,0.09,4.28,30.8,0.193
2,0.91,0.41,0.08,4.29,30.8,0.193
3,0.91,0.42,0.09,4.28,30.8,0.193
4,0.90,0.42,0.09,4.28,30.8,0.193
5,0.92,0.42,0.08,4.28,30.8,0.193
6,0.89,0.40,0.09,4.28,30.8,0.191
7,0.90,0.42,0.09,4.28,30.8,0.189
8,0.90,0.39,0.09,4.29,30.8,0.188
9,0.91,0.41,0.08,4.29,30.8,0.188
C,0.90,0.41,0.08,4.28,30.8,0.189
0,0.91,0.40,0.08,4.28,30.8,0.189
1,0.90,0.41,0.07,4.28,30.8,0.186
2,0.91,0.41,0.08,4.28,30.8,0.184
3,0.90,0.42,0.06,4.29,30.8,0.183
4,0.91,0.42,0.10,4.28,30.8,0.184
5,0.90,0.43,0.08,4.28,30.6,0.184
6,0.90,0.42,0.10,4.28,30.8,0.184
7,0.90,0.43,0.09,4.28,30.8,0.184
8,0.90,0.43,0.10,4.28,30.6,0.184
9,0.90,0.44,0.10,4.28,30.6,0.184
C,0.90,0.43,0.09,4.28,30.8,0.184
0,0.90,0.42,0.10,4.28,30.8,0.182
1,0.90,0.42,0.09,4.28,30.8,0.179
2,0.90,0.42,0.10,4.28,30.8,0.182
3,0.90,0.42,0.10,4.28,30.8,0.179
4,0.90,0.41,0.09,4.28,30.8,0.179
5,0.90,0.42,0.09,4.28,30.8,0.179
6,0.90,0.42,0.09,4.28,30.8,0.179
7,0.90,0.41,0.09,4.28,30.8,0.179
8,0.90,0.43,0.09,4.28,30.8,0.179
9,0.90,0.42,0.10,4.28,30.8,0.179
C,0.90,0.41,0.09,4.28,30.8,0.179
0,0.90,0.41,0.10,4.28,30.8,0.179
1,0.90,0.42,0.09,4.28,30.8,0.179
2,0.91,0.41,0.08,4.28,30.8,0.179
3,0.90,0.41,0.09,4.28,30.8,0.179
4,0.90,0.43,0.09,4.29,30.8,0.179
5,0.90,0.42,0.10,4.28,30.8,0.179
6,0.90,0.42,0.10,4.28,30.8,0.176
7,0.90,0.40,0.10,4.28,30.8,0.176
8,0.90,0.42,0.10,4.28,30.8,0.176
9,0.89,0.42,0.11,4.28,30.8,0.179
C,0.90,0.42,0.11,4.28,30.6,0.176
0,0.90,0.42,0.09,4.29,30.8,0.176
1,0.90,0.42,0.09,4.28,30.8,0.176
2,0.90,0.42,0.10,4.28,30.8,0.176
3,0.90,0.42,0.10,4.28,30.8,0.176
4,0.90,0.43,0.10,4.28,30.8,0.176
5,0.99,0.45,0.12,4.28,30.8,0.174
6,0.81,0.35,0.25,4.28,30.8,0.179
7,0.81,0.52,0.08,4.29,30.8,0.183
8,0.81,0.64,0.01,4.28,30.8,0.189
9,0.75,0.67,0.05,4.28,30.8,0.189
C,0.63,0.72,-0.19,4.28,30.8,0.189
0,0.63,0.65,-0.36,4.28,30.8,0.189
1,0.52,0.64,-0.44,4.29,30.8,0.179
2,0.67,0.57,-0.35,4.28,30.8,0.182
3,0.45,0.75,-0.47,4.28,30.8,0.179
4,0.44,0.59,-0.37,4.28,30.8,0.179
5,0.52,0.43,-0.35,4.28,30.8,0.179
6,0.21,0.70,-0.41,4.28,30.8,0.179
7,0.17,0.82,-0.47,4.28,30.8,0.179
8,0.00,0.91,-0.41,4.28,30.8,0.179
9,-0.10,0.94,-0.33,4.28,30.8,0.179
C,-0.16,0.86,-0.35,4.28,30.8,0.179
0,-0.17,0.87,-0.34,4.28,30.8,0.179
1,-0.17,0.90,-0.31,4.28,31.0,0.179
2,-0.18,0.90,-0.30,4.28,30.8,0.179
3,-0.19,0.87,-0.33,4.28,30.8,0.179
4,-0.19,0.90,-0.31,4.28,30.8,0.176
5,-0.18,0.89,-0.32,4.28,30.8,0.176
6,-0.19,0.90,-0.31,4.28,30.8,0.179
7,-0.20,0.90,-0.30,4.29,30.8,0.176
8,-0.20,0.88,-0.31,4.28,30.8,0.179
9,-0.19,0.90,-0.31,4.28,31.0,0.176
C,-0.20,0.89,-0.31,4.28,30.8,0.176
0,-0.20,0.89,-0.31,4.28,30.8,0.176
1,-0.20,0.89,-0.31,4.28,30.8,0.176
2,-0.20,0.89,-0.31,4.28,30.8,0.176
3,-0.20,0.89,-0.31,4.28,30.8,0.174
4,-0.20,0.88,-0.31,4.29,31.2,0.176
5,-0.21,0.89,-0.32,4.29,31.2,0.176
6,-0.21,0.89,-0.31,4.28,31.2,0.174
7,-0.21,0.88,-0.32,4.29,31.2,0.174
8,-0.20,0.89,-0.31,4.28,30.8,0.174
9,-0.20,0.89,-0.31,4.28,30.8,0.176
C,-0.20,0.89,-0.31,4.28,30.8,0.172
0,-0.21,0.89,-0.31,4.28,30.8,0.172
1,-0.21,0.89,-0.32,4.28,30.8,0.174
2,-0.20,0.89,-0.31,4.28,31.0,0.174
3,-0.21,0.89,-0.31,4.28,31.0,0.174
4,-0.21,0.89,-0.31,4.28,31.0,0.172
5,-0.21,0.89,-0.32,4.28,30.8,0.174
6,-0.21,0.88,-0.33,4.28,31.0,0.174
7,-0.22,0.88,-0.32,4.29,31.0,0.174
8,-0.18,0.89,-0.33,4.28,30.8,0.174
9,-0.20,0.89,-0.33,4.28,31.0,0.174
C,-0.19,0.87,-0.33,4.28,31.0,0.174
0,-0.19,0.89,-0.32,4.28,31.0,0.172
1,-0.19,0.95,-0.65,4.28,30.8,0.172
2,0.25,0.79,-0.53,4.28,31.0,0.172
3,-0.03,1.00,-0.84,4.28,31.0,0.169
4,0.60,1.19,-0.31,4.28,30.8,0.169
5,0.08,-0.15,-0.31,4.28,31.0,0.172
6,-0.59,2.22,1.36,4.28,31.0,0.172
7,-0.57,-0.20,1.42,4.28,31.0,0.169
8,-0.73,2.28,3.54,4.28,31.0,0.162
9,-0.46,-0.73,1.63,4.28,31.0,0.123
C,-1.86,2.37,3.14,4.28,31.0,0.123
0,-0.55,-1.49,0.96,4.28,31.0,0.101
1,-2.31,3.73,4.74,4.28,31.0,0.117
2,-0.69,-1.61,0.47,4.28,31.0,0.083
3,-2.89,4.27,4.45,4.28,31.0,0.101
4,-1.03,-1.21,-0.11,4.28,31.0,0.072
5,-0.89,1.68,4.58,4.28,31.0,0.072
6,0.24,-0.89,0.43,4.28,31.0,0.055
7,0.91,0.95,-0.21,4.28,31.0,0.068
8,0.92,-0.21,0.27,4.28,31.0,0.079
9,0.94,-0.21,0.07,4.28,31.0,0.081
C,1.01,-0.10,0.02,4.28,31.0,0.085
0,1.00,-0.08,-0.11,4.29,31.0,0.085
1,0.86,-0.16,-0.07,4.28,31.0,0.088
2,0.97,-0.09,-0.07,4.28,31.0,0.088
3,0.95,-0.13,-0.09,4.28,31.0,0.088
4,0.93,-0.12,-0.04,4.28,31.0,0.090
5,0.94,-0.10,-0.07,4.28,31.0,0.092
6,0.96,-0.10,-0.06,4.28,31.0,0.094
7,0.94,-0.11,-0.07,4.28,31.0,0.096
8,0.95,-0.10,-0.08,4.28,31.0,0.098
9,0.94,-0.09,-0.10,4.28,31.0,0.101
C,0.96,-0.10,-0.08,4.28,31.0,0.105
0,0.94,-0.12,-0.07,4.28,31.0,0.112
1,0.94,-0.07,-0.10,4.28,31.0,0.114
2,0.96,-0.34,0.13,4.28,31.0,0.119
3,0.78,0.00,-0.28,4.28,31.0,0.130
4,0.73,0.19,-0.61,4.28,31.0,0.132
5,0.74,0.13,-0.56,4.28,31.0,0.137
6,0.65,0.05,-0.56,4.28,31.0,0.144
7,0.62,0.25,-0.56,4.29,31.0,0.150
8,0.56,0.41,-0.60,4.28,31.0,0.155
9,0.52,0.32,-0.66,4.28,31.0,0.155
C,0.50,0.45,-0.71,4.28,31.0,0.155
0,0.47,0.37,-0.73,4.28,31.0,0.148
1,0.50,0.50,-0.72,4.28,31.0,0.222
2,0.33,0.43,-0.67,4.28,31.0,0.334
3,0.19,0.49,-0.73,4.28,31.0,0.423
4,0.27,0.40,-0.67,4.28,31.2,0.447
5,0.23,0.44,-0.76,4.28,31.0,0.443
6,0.19,0.48,-0.72,4.28,31.0,0.443
7,0.28,0.49,-0.70,4.28,31.0,0.435
8,0.20,0.50,-0.73,4.28,31.0,0.429
9,0.24,0.49,-0.70,4.28,31.0,0.429
C,0.33,0.59,-0.59,4.28,31.2,0.423
0,0.33,0.50,-0.40,4.28,31.0,0.423
1,-0.11,0.64,-0.72,4.28,31.0,0.417
2,-0.09,0.54,-0.52,4.28,31.0,0.402
3,-0.16,0.78,-0.55,4.28,31.0,0.394
4,-0.24,0.67,-0.66,4.28,31.0,0.388
5,-0.32,0.79,-0.57,4.28,31.2,0.385
6,0.02,0.93,-0.70,4.28,31.0,0.371
7,-0.10,0.57,-0.47,4.28,31.2,0.371
8,-0.14,0.64,-0.66,4.28,31.0,0.365
9,0.04,0.58,-0.62,4.28,31.0,0.360
C,-0.08,0.60,-0.69,4.29,31.0,0.348
0,-0.10,0.66,-0.63,4.28,31.0,0.349
1,-0.12,0.62,-0.67,4.28,31.0,0.345
2,-0.12,0.63,-0.65,4.28,31.0,0.343
3,-0.11,0.63,-0.64,4.28,31.2,0.338
4,-0.13,0.63,-0.64,4.28,31.0,0.338
5,-0.11,0.63,-0.63,4.28,31.2,0.338
6,-0.12,0.63,-0.65,4.28,31.0,0.332
7,-0.12,0.63,-0.64,4.29,31.0,0.331
8,-0.12,0.63,-0.65,4.28,31.0,0.332
9,-0.13,0.63,-0.64,4.28,31.0,0.332
C,-0.13,0.63,-0.63,4.28,31.0,0.327
0,-0.12,0.63,-0.64,4.28,31.2,0.327
1,-0.12,0.62,-0.64,4.28,31.0,0.324
2,-0.12,0.63,-0.63,4.28,31.2,0.324
3,-0.03,0.39,-0.65,4.28,31.2,0.321
4,-0.14,0.67,-0.61,4.28,31.2,0.321
5,-0.17,0.65,-0.62,4.28,31.0,0.318
6,-0.19,0.64,-0.61,4.28,31.0,0.316
7,-0.15,0.70,-0.59,4.28,31.2,0.316
8,-0.16,0.61,-0.62,4.28,31.2,0.316
9,-0.15,0.67,-0.60,4.28,31.2,0.313
C,-0.16,0.64,-0.61,4.28,31.2,0.310
0,-0.17,0.68,-0.60,4.28,31.0,0.310
1,-0.17,0.65,-0.60,4.28,31.2,0.310
2,-0.16,0.65,-0.60,4.28,31.2,0.310
3,-0.17,0.67,-0.60,4.28,31.2,0.305
4,-0.18,0.68,-0.60,4.28,31.2,0.305
5,-0.17,0.67,-0.60,4.28,31.2,0.305
6,-0.18,0.67,-0.60,4.28,31.2,0.305
7,-0.17,0.66,-0.59,4.28,31.2,0.303
8,-0.17,0.67,-0.60,4.28,31.2,0.303
9,-0.17,0.67,-0.59,4.28,31.2,0.300
C,-0.17,0.67,-0.60,4.28,31.2,0.300
0,-0.18,0.67,-0.60,4.28,31.2,0.300
1,-0.17,0.68,-0.60,4.28,31.2,0.297
2,-0.17,0.68,-0.60,4.28,31.2,0.294
3,-0.17,0.67,-0.59,4.28,31.2,0.294
4,-0.17,0.67,-0.60,4.28,31.2,0.294
5,-0.18,0.68,-0.60,4.28,31.2,0.294
6,-0.17,0.67,-0.60,4.28,31.2,0.294
7,-0.17,0.68,-0.60,4.28,31.2,0.294
8,-0.17,0.68,-0.60,4.28,31.2,0.294
9,-0.17,0.67,-0.60,4.28,31.2,0.291
C,-0.17,0.67,-0.60,4.28,31.2,0.291
0,-0.18,0.68,-0.59,4.28,31.2,0.291
1,-0.17,0.67,-0.59,4.28,31.2,0.289
2,-0.17,0.67,-0.59,4.28,31.2,0.289
3,-0.17,0.67,-0.60,4.28,31.2,0.289
4,-0.17,0.67,-0.60,4.28,31.2,0.289
5,-0.17,0.67,-0.60,4.28,31.2,0.289
6,-0.17,0.67,-0.59,4.28,31.2,0.287
7,-0.17,0.67,-0.60,4.28,31.2,0.284
8,-0.17,0.68,-0.59,4.28,31.2,0.284
9,-0.18,0.67,-0.59,4.28,31.2,0.284
C,-0.17,0.68,-0.59,4.28,31.2,0.284
0,-0.17,0.67,-0.59,4.28,31.2,0.282
1,-0.17,0.67,-0.60,4.28,31.2,0.284
2,-0.17,0.67,-0.60,4.28,31.2,0.282
3,-0.17,0.67,-0.60,4.28,31.2,0.281
4,-0.18,0.67,-0.59,4.28,31.2,0.279
5,-0.17,0.67,-0.59,4.28,31.2,0.279
6,-0.17,0.67,-0.59,4.28,31.2,0.279
7,-0.17,0.68,-0.59,4.28,31.2,0.279
8,-0.17,0.68,-0.60,4.28,31.2,0.279
9,-0.17,0.68,-0.59,4.28,31.2,0.279
C,-0.17,0.67,-0.59,4.28,31.2,0.279
0,-0.17,0.67,-0.59,4.28,31.2,0.276
1,-0.17,0.67,-0.59,4.28,31.2,0.276
2,-0.17,0.68,-0.60,4.28,31.2,0.276
3,-0.17,0.67,-0.59,4.28,31.2,0.276
4,-0.17,0.67,-0.60,4.28,31.2,0.276
5,-0.17,0.67,-0.60,4.28,31.2,0.276
6,-0.17,0.68,-0.60,4.28,31.2,0.276
7,-0.17,0.68,-0.59,4.28,31.2,0.276
8,-0.17,0.68,-0.60,4.28,31.2,0.273
9,-0.17,0.68,-0.60,4.28,31.2,0.273
C,-0.18,0.67,-0.59,4.28,31.2,0.273
0,-0.17,0.66,-0.59,4.28,31.2,0.271
1,-0.17,0.67,-0.60,4.28,31.2,0.271
2,-0.17,0.67,-0.59,4.28,31.2,0.271
3,-0.17,0.67,-0.60,4.28,31.2,0.271
4,-0.17,0.67,-0.60,4.28,31.2,0.273
5,-0.17,0.67,-0.60,4.28,31.4,0.268
6,-0.17,0.67,-0.60,4.28,31.2,0.268
7,-0.17,0.68,-0.60,4.28,31.4,0.268
8,-0.17,0.67,-0.59,4.28,31.4,0.268
9,-0.17,0.67,-0.59,4.28,31.4,0.268
C,-0.17,0.67,-0.59,4.28,31.2,0.265
0,-0.17,0.67,-0.60,4.28,31.4,0.263
1,-0.16,0.67,-0.59,4.28,31.2,0.265
2,-0.17,0.67,-0.59,4.28,31.2,0.263
3,-0.17,0.66,-0.60,4.28,31.2,0.263
4,-0.17,0.67,-0.61,4.28,31.2,0.263
5,-0.17,0.67,-0.60,4.28,31.2,0.260
6,-0.18,0.67,-0.61,4.28,31.2,0.260
7,-0.17,0.67,-0.60,4.28,31.2,0.261
8,-0.17,0.67,-0.61,4.28,31.4,0.258
9,-0.17,0.68,-0.59,4.28,31.2,0.258
C,-0.17,0.66,-0.60,4.28,31.4,0.258
0,-0.18,0.67,-0.61,4.28,31.2,0.258
1,-0.18,0.66,-0.60,4.28,31.2,0.258
2,-0.17,0.67,-0.60,4.28,31.2,0.258
3,-0.18,0.67,-0.60,4.28,31.2,0.258
4,-0.17,0.67,-0.60,4.28,31.4,0.258
5,-0.16,0.66,-0.60,4.28,31.2,0.255
6,-0.18,0.69,-0.58,4.28,31.4,0.258
7,-0.17,0.67,-0.60,4.28,31.4,0.258
8,-0.18,0.67,-0.60,4.28,31.2,0.255
9,-0.17,0.66,-0.60,4.28,31.4,0.255
C,-0.17,0.67,-0.60,4.28,31.4,0.255
0,-0.16,0.67,-0.60,4.28,31.4,0.255
1,-0.18,0.65,-0.61,4.28,31.4,0.255
2,-0.18,0.64,-0.62,4.28,31.2,0.255
3,-0.17,0.67,-0.60,4.28,31.2,0.255
4,-0.17,0.66,-0.61,4.28,31.4,0.253
5,-0.17,0.65,-0.62,4.28,31.4,0.253
6,-0.16,0.66,-0.61,4.28,31.4,0.250
7,-0.17,0.64,-0.62,4.28,31.4,0.253
8,-0.16,0.65,-0.62,4.28,31.4,0.253
9,-0.17,0.65,-0.62,4.28,31.4,0.250
C,-0.16,0.64,-0.62,4.28,31.4,0.250
0,-0.17,0.66,-0.62,4.28,31.4,0.248
1,-0.14,0.63,-0.64,4.28,31.4,0.248
2,-0.16,0.64,-0.63,4.28,31.2,0.248
3,-0.15,0.63,-0.64,4.28,31.4,0.248
4,-0.16,0.61,-0.65,4.28,31.4,0.248
5,-0.17,0.63,-0.64,4.28,31.4,0.248
6,-0.15,0.62,-0.63,4.28,31.4,0.248
7,-0.16,0.63,-0.63,4.28,31.4,0.248
8,-0.16,0.64,-0.63,4.28,31.4,0.245
9,-0.16,0.64,-0.62,4.28,31.4,0.245
C,-0.16,0.64,-0.63,4.28,31.4,0.246
0,-0.16,0.64,-0.62,4.28,31.4,0.243
1,-0.16,0.64,-0.63,4.28,31.4,0.243
2,-0.16,0.64,-0.63,4.28,31.4,0.243
3,-0.16,0.63,-0.63,4.28,31.4,0.243
4,-0.16,0.64,-0.62,4.28,31.4,0.243
5,-0.16,0.64,-0.63,4.28,31.4,0.243
6,-0.16,0.65,-0.63,4.28,31.4,0.243
7,-0.16,0.64,-0.63,4.28,31.4,0.243
8,-0.17,0.65,-0.62,4.28,31.4,0.243
9,-0.16,0.64,-0.62,4.28,31.4,0.243
C,-0.16,0.64,-0.62,4.28,31.4,0.240
0,-0.17,0.65,-0.62,4.28,31.4,0.243
1,-0.16,0.65,-0.63,4.28,31.4,0.240
2,-0.16,0.64,-0.62,4.28,31.4,0.243
3,-0.16,0.64,-0.63,4.28,31.4,0.243
4,-0.16,0.65,-0.63,4.28,31.4,0.246
5,-0.16,0.65,-0.62,4.28,31.4,0.253
6,-0.16,0.65,-0.62,4.28,31.4,0.255
7,-0.16,0.65,-0.62,4.28,31.6,0.253
8,-0.17,0.64,-0.63,4.28,31.4,0.253
9,-0.16,0.64,-0.62,4.28,31.4,0.253
C,-0.16,0.64,-0.63,4.28,31.4,0.253
0,-0.16,0.64,-0.62,4.28,31.4,0.255
1,-0.16,0.64,-0.62,4.28,31.4,0.253
2,-0.16,0.64,-0.62,4.28,31.4,0.253
3,-0.16,0.64,-0.63,4.28,31.4,0.253
4,-0.17,0.64,-0.63,4.28,31.4,0.251
5,-0.16,0.64,-0.63,4.28,31.4,0.253
6,-0.17,0.65,-0.63,4.28,31.4,0.253
7,-0.16,0.64,-0.63,4.28,31.4,0.250
8,-0.16,0.64,-0.63,4.28,31.4,0.250
9,-0.16,0.64,-0.63,4.28,31.4,0.250
C,-0.16,0.64,-0.63,4.28,31.4,0.248
0,-0.16,0.64,-0.63,4.28,31.4,0.248
1,-0.16,0.64,-0.63,4.28,31.4,0.248
2,-0.16,0.64,-0.63,4.28,31.4,0.248
3,-0.16,0.64,-0.63,4.28,31.4,0.248
4,-0.16,0.64,-0.63,4.28,31.4,0.248
5,-0.16,0.64,-0.62,4.28,31.4,0.245
6,-0.16,0.64,-0.62,4.28,31.4,0.245
7,-0.16,0.65,-0.63,4.28,31.4,0.245
8,-0.16,0.64,-0.62,4.28,31.4,0.243
9,-0.16,0.64,-0.63,4.28,31.4,0.243
C,-0.16,0.63,-0.63,4.28,31.4,0.243
0,-0.16,0.64,-0.63,4.28,31.4,0.243
1,-0.16,0.64,-0.62,4.28,31.4,0.243
2,-0.16,0.64,-0.63,4.28,31.4,0.243
3,-0.16,0.64,-0.63,4.28,31.4,0.243
4,-0.16,0.65,-0.63,4.28,31.4,0.243
5,-0.16,0.64,-0.63,4.28,31.4,0.243
6,-0.16,0.65,-0.63,4.28,31.4,0.240
7,-0.16,0.64,-0.63,4.28,31.6,0.240
8,-0.16,0.64,-0.63,4.28,31.4,0.240
9,-0.16,0.64,-0.63,4.28,31.4,0.240
C,-0.16,0.63,-0.63,4.28,31.6,0.240
0,-0.16,0.65,-0.63,4.28,31.6,0.240
1,-0.17,0.64,-0.63,4.28,31.4,0.235
2,-0.16,0.64,-0.62,4.28,31.4,0.238
3,-0.16,0.64,-0.63,4.28,31.6,0.235
4,-0.16,0.64,-0.63,4.28,31.4,0.235
5,-0.16,0.64,-0.63,4.28,31.4,0.235
6,-0.16,0.63,-0.63,4.28,31.4,0.235
7,-0.16,0.64,-0.62,4.28,31.6,0.235
8,-0.17,0.64,-0.63,4.28,31.6,0.233
9,-0.16,0.65,-0.62,4.28,31.6,0.233
C,-0.16,0.63,-0.63,4.28,31.6,0.233
0,-0.16,0.63,-0.63,4.28,31.4,0.230
1,-0.16,0.64,-0.63,4.28,31.6,0.233
2,-0.16,0.64,-0.62,4.28,31.4,0.230
3,-0.16,0.64,-0.63,4.28,31.6,0.233
4,-0.16,0.64,-0.63,4.28,31.4,0.230
5,-0.16,0.64,-0.62,4.28,31.4,0.230
6,-0.16,0.64,-0.63,4.28,31.6,0.228
7,-0.17,0.64,-0.63,4.28,31.6,0.228
8,-0.16,0.64,-0.64,4.28,31.6,0.230
9,-0.16,0.63,-0.63,4.28,31.6,0.228
C,-0.15,0.64,-0.62,4.28,31.6,0.228
0,-0.16,0.64,-0.63,4.28,31.4,0.228
1,-0.16,0.63,-0.63,4.28,31.6,0.228
2,-0.16,0.64,-0.63,4.28,31.6,0.228
3,-0.16,0.64,-0.64,4.28,31.6,0.228
4,-0.16,0.64,-0.63,4.28,31.6,0.225
5,-0.16,0.63,-0.63,4.28,31.6,0.225
6,-0.16,0.64,-0.63,4.28,31.6,0.225
7,-0.16,0.64,-0.63,4.28,31.6,0.225
8,-0.16,0.64,-0.63,4.28,31.6,0.225
9,-0.16,0.64,-0.63,4.28,31.4,0.225
C,-0.16,0.64,-0.63,4.28,31.6,0.225
0,-0.16,0.64,-0.63,4.28,31.6,0.225
1,-0.16,0.64,-0.63,4.28,31.4,0.225
2,-0.16,0.64,-0.63,4.28,31.6,0.225
3,-0.16,0.64,-0.63,4.28,31.6,0.225
4,-0.16,0.64,-0.63,4.28,31.6,0.222
5,-0.16,0.64,-0.62,4.28,31.6,0.223
6,-0.16,0.64,-0.63,4.28,31.6,0.222
7,-0.16,0.63,-0.63,4.28,31.6,0.220
8,-0.16,0.64,-0.63,4.28,31.6,0.220
9,-0.17,0.64,-0.64,4.28,31.6,0.223
C,-0.16,0.64,-0.63,4.28,31.6,0.220
0,-0.16,0.64,-0.63,4.28,31.6,0.220
1,-0.16,0.64,-0.63,4.28,31.6,0.220
2,-0.16,0.63,-0.63,4.28,31.6,0.220
3,-0.16,0.64,-0.63,4.28,31.6,0.218
4,-0.16,0.63,-0.63,4.28,31.6,0.220
5,-0.16,0.63,-0.63,4.28,31.6,0.218
6,-0.16,0.64,-0.63,4.28,31.6,0.220
7,-0.16,0.64,-0.63,4.28,31.6,0.218
8,-0.16,0.64,-0.63,4.28,31.6,0.218
9,-0.16,0.64,-0.63,4.28,31.6,0.218
C,-0.15,0.63,-0.63,4.28,31.6,0.218
0,-0.17,0.64,-0.63,4.28,31.6,0.217
1,-0.15,0.64,-0.63,4.28,31.6,0.215
2,-0.15,0.63,-0.63,4.28,31.6,0.216
3,-0.16,0.65,-0.63,4.28,31.6,0.215
4,-0.16,0.63,-0.63,4.28,31.6,0.215
5,-0.16,0.64,-0.63,4.28,31.6,0.215
6,-0.16,0.64,-0.63,4.28,31.6,0.216
7,-0.16,0.63,-0.63,4.28,31.6,0.213
8,-0.16,0.63,-0.64,4.28,31.6,0.216
9,-0.16,0.64,-0.63,4.28,31.6,0.216
C,-0.16,0.64,-0.63,4.28,31.6,0.215
0,-0.16,0.63,-0.63,4.28,31.6,0.213
1,-0.16,0.63,-0.64,4.28,31.6,0.213
2,-0.15,0.61,-0.63,4.28,31.6,0.213
3,-0.15,0.64,-0.63,4.28,31.6,0.213
4,-0.16,0.63,-0.64,4.28,31.6,0.213
5,-0.15,0.64,-0.63,4.28,31.6,0.213
6,-0.16,0.64,-0.63,4.28,31.6,0.210
7,-0.16,0.63,-0.63,4.28,31.6,0.213
8,-0.15,0.63,-0.64,4.28,31.6,0.213
9,-0.16,0.63,-0.63,4.28,31.6,0.213
C,-0.18,0.59,-0.64,4.28,31.6,0.208
0,-0.20,1.23,-0.97,4.28,31.6,0.210
1,0.35,1.06,-0.68,4.28,31.6,0.208
2,0.35,0.96,-0.33,4.28,31.6,0.208
3,0.31,0.56,-0.31,4.28,31.6,0.208
4,0.50,0.44,-0.36,4.28,31.6,0.208
5,0.85,0.56,-0.30,4.28,31.6,0.211
6,0.73,0.45,-0.36,4.28,31.6,0.208
7,0.75,0.46,-0.35,4.28,31.6,0.208
8,0.74,0.45,-0.35,4.28,31.6,0.208
9,0.74,0.45,-0.33,4.28,31.6,0.208
C,0.77,0.44,-0.30,4.28,31.6,0.208
0,0.74,0.44,-0.30,4.28,31.6,0.208
1,0.76,0.42,-0.33,4.28,31.6,0.208
2,0.76,0.36,-0.17,4.28,31.6,0.208
3,0.85,0.55,0.00,4.28,31.6,0.205
4,0.58,0.09,-0.01,4.28,31.6,0.206
5,-0.32,0.80,-0.01,4.28,31.6,0.205
6,-0.31,1.13,0.05,4.28,31.6,0.205
7,-0.15,1.19,0.37,4.28,31.6,0.205
8,-0.25,1.03,0.35,4.28,31.8,0.205
9,-0.13,0.96,0.26,4.28,31.6,0.205
C,-0.09,1.02,0.27,4.28,31.8,0.205
0,-0.14,1.00,0.23,4.28,31.8,0.206
1,-0.03,1.00,0.28,4.28,31.8,0.205
2,-0.09,1.01,0.33,4.28,31.8,0.205
3,-0.06,1.01,0.53,4.28,31.6,0.205
4,-0.07,0.97,0.39,4.28,31.6,0.205
5,-0.05,0.97,0.45,4.28,31.6,0.205
6,-0.06,0.99,0.40,4.28,31.8,0.203
7,-0.04,1.00,0.29,4.28,31.8,0.203
8,-0.05,1.04,0.24,4.28,31.6,0.201
9,-0.04,1.02,0.20,4.28,31.6,0.203
C,-0.03,0.98,0.00,4.28,31.8,0.200
0,-0.04,0.99,-0.06,4.28,31.6,0.200
1,-0.04,1.01,-0.03,4.28,31.8,0.200
2,-0.05,1.01,0.00,4.28,31.8,0.203
3,-0.05,1.00,0.01,4.28,31.8,0.201
4,-0.07,1.00,0.03,4.28,31.8,0.200
5,-0.05,0.99,0.01,4.28,31.8,0.199
6,-0.06,1.01,0.00,4.28,31.8,0.200
7,-0.08,0.98,0.02,4.28,31.8,0.200
8,-0.10,0.85,0.22,4.28,31.8,0.198
9,-0.11,1.02,0.60,4.28,31.8,0.191
C,-0.04,0.87,0.79,4.28,31.8,0.181
0,-0.02,0.64,0.90,4.28,31.8,0.184
1,0.00,0.68,0.68,4.28,31.8,0.186
2,0.04,0.79,0.75,4.28,31.8,0.186
3,0.09,0.78,0.78,4.28,31.8,0.186
4,0.09,0.83,0.75,4.28,31.8,0.184
5,0.10,0.81,0.75,4.28,31.8,0.186
6,0.11,0.80,0.73,4.28,31.8,0.186
7,0.10,0.82,0.73,4.28,31.8,0.186
8,0.11,0.83,0.71,4.28,31.8,0.186
9,0.11,0.84,0.71,4.28,31.8,0.186
C,0.11,0.83,0.71,4.28,31.8,0.189
0,0.12,0.83,0.69,4.28,31.8,0.186
1,0.11,0.81,0.70,4.28,31.8,0.186
2,0.11,0.84,0.71,4.28,31.8,0.186
3,0.11,0.78,0.77,4.28,31.8,0.186
4,0.13,0.79,0.65,4.28,31.8,0.186
5,0.09,0.84,0.69,4.28,31.8,0.186
6,0.08,0.84,0.67,4.28,31.8,0.186
7,0.10,0.86,0.70,4.28,31.8,0.186
8,0.11,0.83,0.69,4.28,31.8,0.186
9,0.11,0.85,0.68,4.28,31.8,0.186
C,0.10,0.85,0.68,4.28,31.8,0.186
0,0.10,0.85,0.67,4.28,31.8,0.186
1,0.10,0.86,0.67,4.28,31.8,0.186
2,0.10,0.87,0.67,4.28,31.8,0.186
3,0.11,0.88,0.67,4.28,31.8,0.186
4,0.12,0.86,0.67,4.28,31.8,0.186
5,0.15,0.86,0.67,4.28,31.8,0.186
6,0.14,0.86,0.56,4.28,31.8,0.186
7,0.13,0.95,0.64,4.28,31.8,0.186
8,0.16,0.86,0.57,4.28,31.8,0.186
9,0.13,0.92,0.56,4.28,31.8,0.189
C,0.16,0.91,0.59,4.28,31.8,0.186
0,0.15,0.90,0.55,4.28,31.8,0.186
1,0.14,0.92,0.54,4.28,31.8,0.186
2,0.16,0.92,0.56,4.28,31.8,0.186
3,0.15,0.92,0.55,4.28,31.8,0.186
4,0.16,0.92,0.56,4.28,31.8,0.186
5,0.15,0.91,0.55,4.28,31.8,0.186
6,0.15,0.91,0.58,4.28,31.8,0.186
7,0.16,0.93,0.56,4.28,31.8,0.186
8,0.15,0.91,0.58,4.28,31.8,0.186
9,0.16,0.89,0.56,4.28,31.8,0.186
C,0.16,0.91,0.61,4.28,31.8,0.186
0,0.14,0.89,0.58,4.28,31.8,0.186
1,0.15,0.90,0.58,4.28,31.8,0.186
2,0.15,0.91,0.59,4.28,31.8,0.186
3,0.15,0.89,0.58,4.28,31.8,0.186
4,0.15,0.89,0.59,4.28,31.8,0.181
5,0.14,0.88,0.56,4.28,31.8,0.184
6,0.16,0.90,0.62,4.28,31.8,0.184
7,0.16,0.91,0.58,4.28,31.8,0.181
8,0.15,0.92,0.60,4.28,31.8,0.181
9,0.15,0.91,0.56,4.28,31.8,0.181
C,0.15,0.91,0.58,4.28,31.8,0.182
0,0.15,0.91,0.58,4.28,31.8,0.179
1,0.15,0.91,0.58,4.28,31.8,0.179
2,0.16,0.90,0.58,4.28,31.8,0.182
3,0.13,0.90,0.59,4.28,31.8,0.179
4,0.16,0.91,0.58,4.28,31.8,0.179
5,0.16,0.91,0.58,4.28,31.8,0.179
6,0.16,1.25,0.66,4.28,31.8,0.179
7,0.14,1.18,0.38,4.28,31.8,0.177
8,0.45,0.64,-0.02,4.28,31.8,0.176
9,0.69,0.54,0.08,4.28,31.8,0.172
C,0.86,0.47,0.00,4.28,31.8,0.177
0,0.82,0.66,0.09,4.28,31.8,0.176
1,0.85,0.52,0.09,4.28,31.8,0.176
2,0.87,0.48,0.13,4.28,31.8,0.177
3,0.87,0.50,0.16,4.28,31.8,0.176
4,0.88,0.48,0.18,4.28,31.8,0.176
5,0.89,0.45,0.18,4.28,31.8,0.174
6,0.88,0.47,0.18,4.28,31.8,0.177
7,0.88,0.48,0.19,4.28,31.8,0.176
8,0.88,0.45,0.18,4.28,31.8,0.172
9,0.88,0.47,0.19,4.28,31.8,0.174
C,0.88,0.46,0.20,4.28,31.8,0.177
0,0.89,0.45,0.21,4.28,31.8,0.174
1,0.88,0.45,0.19,4.28,31.8,0.174
2,0.90,0.44,0.19,4.28,32.0,0.172
3,0.89,0.43,0.20,4.28,31.8,0.175
4,0.89,0.43,0.20,4.28,31.8,0.174
5,0.89,0.43,0.21,4.28,31.8,0.174
6,0.89,0.44,0.20,4.28,31.8,0.172
7,0.89,0.44,0.20,4.28,31.8,0.172
8,0.89,0.43,0.20,4.28,31.8,0.172
9,0.89,0.43,0.20,4.28,31.8,0.172
C,0.90,0.43,0.20,4.28,32.0,0.172
0,0.89,0.44,0.20,4.28,31.8,0.172
1,0.90,0.43,0.23,4.28,32.0,0.172
2,0.89,0.40,0.16,4.28,31.8,0.172
3,0.88,0.46,0.18,4.28,31.8,0.172
4,0.88,0.44,0.18,4.28,31.8,0.172
5,0.90,0.43,0.21,4.28,32.0,0.172
6,0.89,0.42,0.20,4.28,32.0,0.172
7,0.89,0.45,0.18,4.28,32.0,0.172
8,0.89,0.43,0.19,4.28,31.8,0.172
9,0.89,0.43,0.18,4.28,32.0,0.172
C,0.89,0.44,0.19,4.28,32.0,0.172
0,0.90,0.43,0.20,4.28,31.8,0.172
1,0.89,0.43,0.18,4.28,31.8,0.172
2,0.90,0.44,0.19,4.28,31.8,0.172
3,0.90,0.43,0.18,4.28,32.0,0.169
4,0.90,0.43,0.18,4.28,32.0,0.172
5,0.90,0.42,0.18,4.28,32.0,0.167
6,0.89,0.44,0.19,4.28,32.0,0.172
7,0.90,0.41,0.18,4.28,32.0,0.167
8,0.91,0.43,0.19,4.28,32.0,0.172
9,0.90,0.43,0.19,4.28,32.0,0.167
C,0.90,0.43,0.19,4.28,32.0,0.167
0,0.90,0.42,0.19,4.28,32.0,0.167
1,0.89,0.44,0.17,4.28,31.8,0.167
2,0.90,0.43,0.19,4.28,32.0,0.167
3,0.89,0.42,0.21,4.28,32.0,0.167
4,0.90,0.41,0.20,4.28,31.8,0.167
5,0.89,0.45,0.19,4.28,32.0,0.167
6,0.90,0.44,0.19,4.28,32.0,0.167
7,0.89,0.45,0.18,4.28,32.0,0.167
8,0.90,0.44,0.19,4.28,32.0,0.164
9,0.90,0.41,0.18,4.28,31.8,0.167
C,0.89,0.45,0.19,4.28,32.0,0.167
0,0.89,0.43,0.18,4.28,32.0,0.165
1,0.89,0.44,0.19,4.28,32.0,0.167
2,0.89,0.44,0.19,4.28,32.0,0.165
3,0.89,0.44,0.19,4.28,31.8,0.165
4,0.89,0.44,0.19,4.28,32.0,0.165
5,0.89,0.44,0.19,4.28,32.0,0.163
6,0.89,0.43,0.18,4.28,32.0,0.165
7,0.89,0.43,0.19,4.28,32.0,0.167
8,0.90,0.43,0.19,4.28,32.0,0.162
9,0.90,0.44,0.19,4.28,31.8,0.163
C,0.90,0.43,0.17,4.28,32.0,0.165
0,0.89,0.43,0.22,4.28,31.8,0.162
1,0.91,0.43,0.19,4.28,32.0,0.162
2,0.90,0.43,0.21,4.28,32.0,0.162
3,0.90,0.41,0.21,4.28,31.8,0.165
4,0.90,0.43,0.19,4.28,32.0,0.163
5,0.90,0.42,0.20,4.28,32.0,0.163
6,0.90,0.43,0.20,4.28,32.0,0.165
7,0.90,0.43,0.20,4.28,32.0,0.162
8,0.89,0.43,0.20,4.28,32.0,0.163
9,0.89,0.43,0.20,4.28,32.0,0.163
C,0.90,0.43,0.20,4.28,32.0,0.162
0,0.89,0.45,0.19,4.28,32.0,0.163
1,0.89,0.40,0.20,4.28,32.0,0.165
2,1.00,0.11,0.92,4.28,32.0,0.162
3,0.12,0.86,-0.70,4.28,32.0,0.162
4,0.18,2.13,0.29,4.28,32.0,0.155
5,0.09,1.21,0.33,4.28,32.0,0.153
6,0.00,1.08,-0.06,4.28,32.0,0.153
7,0.00,1.05,0.13,4.28,32.0,0.153
8,0.01,1.01,0.41,4.28,32.0,0.150
9,0.08,1.12,0.60,4.28,32.0,0.150
C,0.12,0.89,0.75,4.28,32.0,0.148
0,0.12,0.76,0.77,4.28,32.0,0.148
1,0.12,0.93,0.69,4.28,32.0,0.149
2,0.14,0.93,0.65,4.28,32.0,0.148
3,0.13,0.82,0.63,4.28,32.0,0.148
4,0.18,0.83,0.62,4.28,32.0,0.151
5,0.19,0.87,0.61,4.28,32.0,0.148
6,0.19,0.87,0.62,4.28,32.0,0.149
7,0.19,0.86,0.60,4.28,32.0,0.151
8,0.23,0.74,0.59,4.28,32.0,0.149
9,0.16,0.77,0.78,4.28,32.0,0.149
C,0.18,0.70,0.59,4.28,32.0,0.148
0,0.19,0.82,0.65,4.28,32.0,0.149
1,0.18,0.85,0.63,4.28,32.0,0.148
2,0.19,0.86,0.61,4.28,32.0,0.148
3,0.18,0.88,0.62,4.28,32.0,0.148
4,0.20,0.86,0.61,4.28,32.0,0.149
5,0.21,0.88,0.61,4.28,32.0,0.149
6,0.21,0.88,0.60,4.28,32.0,0.149
7,0.20,0.87,0.60,4.28,32.0,0.149
8,0.20,0.88,0.59,4.28,32.0,0.148
9,0.20,0.88,0.60,4.28,32.0,0.149
C,0.20,0.88,0.59,4.28,32.0,0.148
0,0.21,0.88,0.59,4.28,32.0,0.148
1,0.20,0.89,0.59,4.28,32.0,0.148
2,0.21,0.89,0.59,4.28,32.0,0.148
3,0.21,0.89,0.59,4.28,32.0,0.148
4,0.20,0.89,0.59,4.28,32.0,0.148
5,0.20,0.90,0.59,4.28,32.0,0.148
6,0.21,0.89,0.59,4.28,32.0,0.148
7,0.21,0.90,0.59,4.28,32.0,0.149
8,0.21,0.91,0.60,4.28,32.0,0.146
9,0.20,0.88,0.58,4.28,32.0,0.146
C,0.19,0.90,0.59,4.28,32.0,0.149
0,0.21,0.90,0.58,4.28,32.0,0.148
1,0.20,0.90,0.58,4.28,32.0,0.146
2,0.20,0.89,0.57,4.28,32.2,0.149
3,0.22,0.91,0.59,4.28,32.0,0.146
4,0.21,0.90,0.58,4.28,32.0,0.149
5,0.21,0.89,0.58,4.28,32.0,0.146
6,0.21,0.89,0.58,4.28,32.4,0.146
7,0.21,0.89,0.58,4.28,32.4,0.146
8,0.21,0.89,0.57,4.28,32.4,0.146
9,0.21,0.89,0.58,4.28,32.4,0.146
C,0.21,0.89,0.58,4.28,32.0,0.146
0,0.21,0.89,0.58,4.28,32.0,0.149
1,0.21,0.89,0.57,4.28,32.0,0.149
2,0.21,0.89,0.57,4.28,32.2,0.149
3,0.20,0.89,0.57,4.28,32.0,0.149
4,0.21,0.89,0.58,4.28,32.0,0.149
5,0.21,0.89,0.58,4.28,32.0,0.149
6,0.21,0.89,0.58,4.28,32.0,0.149
7,0.21,0.88,0.59,4.28,32.0,0.149
8,0.21,0.88,0.57,4.28,32.0,0.149
9,0.22,0.87,0.57,4.28,32.0,0.149
C,0.21,0.88,0.56,4.28,32.0,0.149
0,0.23,0.87,0.56,4.28,32.0,0.148
1,0.22,0.92,0.57,4.28,32.0,0.148
2,0.21,0.90,0.56,4.28,32.0,0.149
3,0.22,0.90,0.56,4.28,32.0,0.149
4,0.22,0.90,0.58,4.28,32.0,0.146
5,0.22,0.90,0.57,4.28,32.0,0.146
6,0.22,0.89,0.58,4.28,32.0,0.146
7,0.22,0.89,0.57,4.28,32.2,0.144
8,0.22,0.89,0.59,4.28,32.2,0.146
9,0.22,0.89,0.57,4.28,32.0,0.146
C,0.19,0.89,0.59,4.28,32.0,0.144
0,0.29,1.26,0.67,4.28,32.0,0.144
1,0.32,1.07,0.23,4.28,32.0,0.146
2,0.67,0.34,0.09,4.28,32.0,0.144
3,0.85,0.13,0.21,4.28,32.0,0.144
4,0.96,-0.16,0.44,4.28,32.0,0.144
5,0.95,0.04,0.35,4.28,32.2,0.144
6,0.97,0.08,0.28,4.28,32.2,0.144
7,0.97,0.08,0.28,4.28,32.2,0.144
8,0.97,0.08,0.28,4.28,32.0,0.144
9,0.97,0.07,0.30,4.28,32.2,0.144
C,0.96,0.09,0.30,4.28,32.0,0.144
0,0.96,0.09,0.30,4.28,32.2,0.144
1,0.96,0.09,0.31,4.28,32.0,0.144
2,0.96,0.10,0.30,4.28,32.0,0.141
3,0.96,0.08,0.30,4.28,32.2,0.144
4,0.96,0.09,0.30,4.28,32.2,0.141
5,0.96,0.08,0.29,4.28,32.0,0.144
6,0.96,0.09,0.28,4.28,32.2,0.144
7,0.96,0.07,0.30,4.28,32.2,0.144
8,0.96,0.07,0.29,4.28,32.2,0.141
9,0.96,0.09,0.29,4.28,32.2,0.144
C,0.97,0.07,0.29,4.28,32.2,0.141
0,0.96,0.06,0.30,4.28,32.2,0.141
1,0.96,0.07,0.30,4.28,32.2,0.141
2,0.96,0.06,0.29,4.28,32.2,0.141
3,0.97,0.06,0.30,4.28,32.2,0.141
4,0.96,0.06,0.30,4.28,32.0,0.141
5,0.97,0.05,0.30,4.28,32.0,0.144
6,0.97,0.06,0.30,4.28,32.2,0.141
7,0.96,0.06,0.30,4.28,32.2,0.141
8,0.96,0.06,0.30,4.28,32.2,0.141
9,0.96,0.06,0.29,4.28,32.2,0.141
C,0.96,0.06,0.30,4.28,32.2,0.141
0,0.96,0.06,0.29,4.28,32.2,0.142
1,0.96,0.07,0.29,4.28,32.2,0.141
2,0.96,0.06,0.30,4.28,32.2,0.141
3,0.96,0.07,0.29,4.28,32.2,0.141
4,0.96,0.06,0.29,4.28,32.2,0.141
5,0.96,0.07,0.29,4.28,32.2,0.141
6,0.96,0.07,0.29,4.28,32.2,0.141
7,0.97,0.06,0.29,4.28,32.2,0.141
8,0.96,0.06,0.29,4.28,32.2,0.139
9,0.97,0.06,0.27,4.28,32.2,0.139
C,0.97,0.07,0.29,4.28,32.2,0.139
0,0.97,0.07,0.28,4.28,32.0,0.139
1,0.96,0.06,0.29,4.28,32.2,0.141
2,0.97,0.06,0.29,4.28,32.2,0.139
3,0.96,0.06,0.29,4.28,32.2,0.139
4,0.97,0.06,0.30,4.28,32.2,0.139
5,0.97,0.06,0.29,4.28,32.2,0.139
6,0.96,0.06,0.29,4.28,32.2,0.137
7,0.97,0.06,0.29,4.28,32.2,0.139
8,0.97,0.07,0.29,4.28,32.2,0.137
9,0.96,0.05,0.29,4.28,32.2,0.137
C,0.96,0.06,0.30,4.28,32.2,0.137
0,0.97,0.06,0.29,4.28,32.2,0.137
1,0.96,0.06,0.29,4.28,32.2,0.137
2,0.96,0.06,0.29,4.28,32.2,0.137
3,0.96,0.06,0.29,4.28,32.0,0.137
4,0.97,0.05,0.30,4.28,32.2,0.137
5,0.96,0.07,0.28,4.28,32.2,0.139
6,0.96,0.06,0.28,4.28,32.2,0.137
7,0.96,0.07,0.29,4.28,32.2,0.137
8,0.96,0.06,0.29,4.28,32.2,0.137
9,0.96,0.07,0.31,4.28,32.2,0.137
C,0.97,0.08,0.30,4.28,32.2,0.137
0,0.96,0.06,0.31,4.28,32.2,0.135
1,0.96,0.07,0.30,4.28,32.2,0.135
2,0.97,0.06,0.29,4.28,32.2,0.137
3,0.97,0.07,0.30,4.28,32.2,0.135
4,0.96,0.06,0.30,4.28,32.2,0.137
5,0.96,0.06,0.30,4.28,32.2,0.135
6,0.96,0.07,0.29,4.28,32.2,0.135
7,0.96,0.07,0.30,4.28,32.2,0.137
8,0.96,0.07,0.30,4.28,32.2,0.135
9,0.97,0.06,0.29,4.28,32.2,0.135
C,0.96,0.06,0.31,4.28,32.2,0.133
0,0.96,0.07,0.29,4.28,32.2,0.135
1,0.96,0.06,0.30,4.28,32.2,0.135
2,0.97,0.07,0.29,4.28,32.2,0.134
3,0.96,0.06,0.29,4.28,32.2,0.135
4,0.96,0.07,0.29,4.28,32.2,0.135
5,0.97,0.06,0.29,4.28,32.2,0.135
6,0.96,0.05,0.29,4.28,32.2,0.132
7,0.97,0.05,0.29,4.28,32.2,0.132
8,0.97,0.06,0.29,4.28,32.2,0.135
9,0.96,0.06,0.29,4.28,32.2,0.132
C,0.96,0.06,0.28,4.28,32.2,0.135
0,0.97,0.06,0.29,4.28,32.2,0.132
1,0.97,0.07,0.29,4.28,32.2,0.132
2,0.97,0.06,0.29,4.28,32.2,0.133
3,0.97,0.07,0.29,4.28,32.2,0.133
4,0.97,0.07,0.29,4.28,32.2,0.130
5,0.96,0.06,0.30,4.28,32.2,0.132
6,0.96,0.06,0.28,4.28,32.2,0.130
7,0.97,0.06,0.29,4.28,32.2,0.130
8,0.96,0.06,0.29,4.28,32.2,0.130
9,0.96,0.05,0.29,4.28,32.2,0.132
C,0.96,0.06,0.29,4.28,32.2,0.130
0,0.96,0.07,0.28,4.28,32.2,0.130
1,0.96,0.06,0.28,4.28,32.2,0.130
2,0.96,0.06,0.29,4.28,32.2,0.130
3,0.96,0.07,0.28,4.28,32.2,0.130
4,0.96,0.06,0.29,4.28,32.2,0.128
5,0.97,0.06,0.29,4.28,32.2,0.130
6,0.96,0.06,0.28,4.28,32.2,0.130
7,0.96,0.06,0.29,4.28,32.2,0.130
8,0.96,0.07,0.28,4.28,32.2,0.130
9,0.96,0.06,0.29,4.28,32.2,0.130
C,0.97,0.06,0.29,4.28,32.2,0.130
0,0.97,0.06,0.28,4.28,32.2,0.130
1,0.96,0.06,0.29,4.28,32.2,0.130
2,0.96,0.06,0.29,4.28,32.2,0.128
3,0.96,0.06,0.29,4.28,32.2,0.130
4,0.97,0.06,0.29,4.28,32.2,0.128
5,0.97,0.06,0.29,4.28,32.2,0.128
6,0.96,0.06,0.29,4.28,32.4,0.130
7,0.96,0.06,0.29,4.28,32.2,0.130
8,0.96,0.06,0.29,4.28,32.4,0.128
9,0.96,0.06,0.29,4.28,32.2,0.128
C,0.96,0.06,0.29,4.28,32.2,0.128
0,0.97,0.06,0.29,4.28,32.2,0.128
1,0.96,0.06,0.29,4.28,32.4,0.128
2,0.96,0.06,0.29,4.28,32.2,0.128
3,1.01,0.00,0.51,4.28,32.2,0.128
4,0.76,0.05,0.25,4.28,32.2,0.128
5,0.46,0.63,-0.04,4.28,32.4,0.128
6,0.36,0.99,-0.00,4.28,32.2,0.128
7,0.25,1.09,0.19,4.28,32.2,0.128
8,0.19,1.11,0.23,4.28,32.4,0.128
9,0.16,0.96,0.31,4.28,32.2,0.128
C,0.16,0.88,0.36,4.28,32.2,0.128
0,0.12,0.98,0.34,4.28,32.2,0.128
1,0.12,0.97,0.32,4.28,32.2,0.128
2,0.08,0.98,0.33,4.28,32.2,0.128
3,0.06,1.03,0.34,4.28,32.2,0.128
4,0.04,1.07,0.38,4.28,32.4,0.128
5,0.00,0.96,0.32,4.28,32.4,0.128
6,0.01,1.03,0.40,4.28,32.2,0.125
7,0.00,1.00,0.38,4.28,32.4,0.128
8,0.00,0.99,0.37,4.28,32.4,0.128
9,-0.00,0.99,0.37,4.28,32.2,0.128
C,0.00,0.99,0.38,4.28,32.4,0.128
0,0.00,1.00,0.38,4.28,32.2,0.125
1,-0.00,0.99,0.40,4.28,32.4,0.125
2,0.00,0.98,0.39,4.28,32.4,0.125
3,0.00,0.98,0.39,4.28,32.2,0.123
4,0.00,0.99,0.39,4.28,32.4,0.126
5,0.00,0.98,0.39,4.28,32.2,0.123
6,-0.00,0.99,0.40,4.28,32.4,0.123
7,-0.00,0.99,0.39,4.28,32.4,0.126
8,0.00,0.99,0.40,4.28,32.2,0.123
9,-0.00,0.99,0.40,4.28,32.4,0.123
C,0.00,0.99,0.40,4.28,32.4,0.123
0,0.00,0.99,0.41,4.28,32.4,0.123
1,0.00,1.00,0.40,4.28,32.4,0.123
2,0.00,0.99,0.38,4.28,32.2,0.123
3,0.00,0.98,0.40,4.28,32.4,0.126
4,-0.00,0.99,0.39,4.28,32.4,0.123
5,-0.00,0.98,0.40,4.28,32.4,0.123
6,0.00,0.99,0.39,4.28,32.4,0.123
7,0.00,0.99,0.39,4.28,32.4,0.123
8,-0.00,0.99,0.40,4.28,32.2,0.123
9,0.00,0.99,0.40,4.28,32.4,0.123
C,0.00,0.99,0.40,4.28,32.2,0.123
0,0.00,0.99,0.40,4.28,32.2,0.123
1,0.00,0.98,0.40,4.28,32.4,0.121
2,0.00,1.00,0.40,4.28,32.4,0.123
3,-0.00,0.98,0.41,4.28,32.4,0.123
4,0.00,0.99,0.40,4.28,32.4,0.123
5,-0.00,0.99,0.40,4.28,32.2,0.123
6,0.00,0.99,0.39,4.28,32.4,0.123
7,0.00,0.98,0.40,4.28,32.4,0.123
8,-0.00,0.98,0.40,4.28,32.4,0.121
9,-0.00,0.99,0.41,4.28,32.2,0.121
C,0.00,0.99,0.40,4.28,32.4,0.118
0,-0.00,0.98,0.40,4.28,32.4,0.121
1,0.00,0.99,0.40,4.28,32.4,0.121
2,0.00,0.99,0.40,4.28,32.4,0.121
3,0.00,0.98,0.41,4.28,32.4,0.119
4,0.00,0.99,0.41,4.28,32.4,0.121
5,0.00,0.98,0.40,4.28,32.4,0.121
6,-0.00,0.99,0.40,4.28,32.4,0.118
7,-0.00,0.98,0.41,4.28,32.4,0.119
8,-0.00,0.99,0.41,4.28,32.4,0.119
9,-0.00,0.99,0.41,4.28,32.4,0.119
C,0.00,0.99,0.40,4.28,32.4,0.119
0,0.00,0.98,0.40,4.28,32.4,0.119
1,0.00,0.98,0.40,4.28,32.4,0.119
2,0.00,0.99,0.40,4.28,32.4,0.119
3,-0.00,0.99,0.40,4.28,32.4,0.119
4,-0.00,0.99,0.41,4.28,32.4,0.119
5,0.00,0.98,0.40,4.28,32.4,0.119
6,0.00,0.98,0.39,4.28,32.4,0.116
7,0.00,0.98,0.40,4.28,32.4,0.118
8,0.00,0.99,0.40,4.28,32.4,0.119
9,-0.00,0.98,0.41,4.28,32.4,0.117
C,0.00,0.99,0.40,4.28,32.4,0.119
0,0.00,0.99,0.40,4.28,32.4,0.119
1,0.00,0.99,0.40,4.28,32.4,0.119
2,0.00,0.99,0.40,4.28,32.4,0.119
3,-0.00,0.99,0.40,4.28,32.4,0.119
4,0.00,0.98,0.40,4.28,32.4,0.117
5,0.00,0.99,0.40,4.28,32.4,0.117
6,0.00,0.99,0.40,4.28,32.4,0.117
7,0.00,0.98,0.40,4.28,32.4,0.117
8,0.00,0.98,0.41,4.28,32.4,0.114
9,0.00,0.98,0.39,4.28,32.4,0.114
C,0.00,0.98,0.40,4.28,32.4,0.117
0,-0.00,0.99,0.40,4.28,32.4,0.114
1,0.00,0.98,0.40,4.28,32.4,0.117
2,0.00,0.99,0.40,4.28,32.4,0.114
3,0.00,0.99,0.40,4.28,32.4,0.117
4,-0.00,0.98,0.40,4.28,32.4,0.117
5,0.00,0.99,0.41,4.28,32.4,0.114
6,-0.00,0.99,0.40,4.28,32.4,0.114
7,0.00,0.99,0.40,4.28,32.4,0.117
8,0.00,0.98,0.40,4.28,32.4,0.114
9,0.00,0.99,0.40,4.28,32.4,0.114
C,0.00,0.98,0.40,4.28,32.4,0.114
0,0.00,0.99,0.39,4.28,32.4,0.114
1,0.00,0.99,0.40,4.28,32.4,0.114
2,0.00,0.98,0.41,4.28,32.4,0.114
3,0.00,0.98,0.40,4.28,32.4,0.114
4,0.00,0.99,0.40,4.28,32.4,0.112
5,0.00,0.99,0.40,4.28,32.4,0.112
6,0.00,0.98,0.40,4.28,32.4,0.114
7,-0.00,0.99,0.40,4.28,32.4,0.114
8,0.00,0.98,0.39,4.28,32.4,0.114
9,-0.00,0.99,0.40,4.28,32.4,0.112
C,0.00,0.99,0.40,4.28,32.4,0.112
0,0.00,0.99,0.39,4.28,32.4,0.112
1,0.00,0.99,0.40,4.28,32.4,0.112
2,0.00,0.99,0.40,4.28,32.4,0.112
3,0.00,0.99,0.40,4.28,32.4,0.112
4,0.00,0.99,0.40,4.28,32.4,0.110
5,0.00,0.99,0.39,4.28,32.4,0.110
6,0.00,0.98,0.40,4.28,32.4,0.112
7,0.00,0.99,0.40,4.28,32.4,0.112
8,-0.00,0.99,0.39,4.28,32.4,0.110
9,-0.00,0.99,0.40,4.28,32.4,0.112
C,0.00,0.97,0.39,4.28,32.4,0.110
0,0.00,0.99,0.40,4.28,32.4,0.110
1,0.00,1.02,0.42,4.28,32.4,0.110
2,0.02,0.93,0.31,4.28,32.4,0.110
3,0.02,1.03,0.30,4.28,32.4,0.110
4,0.00,0.98,0.36,4.28,32.4,0.112
5,0.01,0.95,0.40,4.28,32.4,0.110
6,-0.00,0.97,0.40,4.28,32.4,0.110
7,0.02,0.97,0.37,4.28,32.4,0.110
8,0.01,0.98,0.34,4.28,32.4,0.110
9,0.00,1.00,0.42,4.28,32.4,0.110
C,0.01,1.00,0.40,4.28,32.4,0.110
0,0.00,1.00,0.39,4.28,32.4,0.110
1,0.01,1.00,0.40,4.28,32.4,0.110
2,0.01,0.98,0.39,4.28,32.4,0.110
3,0.00,1.01,0.40,4.28,32.4,0.110
4,0.01,1.00,0.37,4.28,32.6,0.110
5,0.00,1.00,0.31,4.28,32.4,0.110
6,0.01,0.97,0.34,4.28,32.4,0.110
7,0.00,1.00,0.39,4.28,32.4,0.110
8,0.04,0.94,0.38,4.28,32.6,0.110
9,0.00,0.98,0.41,4.28,32.4,0.110
C,0.02,1.02,0.43,4.28,32.4,0.110
0,0.00,1.00,0.44,4.28,32.4,0.105
1,0.00,0.98,0.42,4.28,32.4,0.110
2,0.00,0.98,0.43,4.28,32.4,0.107
3,0.00,0.99,0.40,4.28,32.4,0.110
4,0.00,0.99,0.41,4.28,32.4,0.110
5,0.00,1.00,0.41,4.28,32.4,0.108
6,0.00,0.98,0.40,4.28,32.4,0.108
7,0.00,0.98,0.40,4.28,32.4,0.108
8,0.00,0.99,0.47,4.28,32.6,0.107
9,-0.03,0.89,0.39,4.28,32.4,0.107
C,0.00,0.88,0.42,4.28,32.4,0.110
0,0.00,0.98,0.48,4.28,32.4,0.108
1,-0.00,0.97,0.45,4.28,32.4,0.107
2,0.00,0.99,0.45,4.28,32.4,0.105
3,-0.00,0.97,0.45,4.28,32.4,0.108
4,0.00,0.97,0.45,4.28,32.4,0.105
5,-0.00,0.99,0.44,4.28,32.4,0.108
6,-0.00,0.98,0.44,4.28,32.6,0.107
7,-0.00,0.98,0.43,4.28,32.4,0.105
8,-0.00,0.98,0.42,4.28,32.4,0.108
9,0.00,0.98,0.42,4.28,32.4,0.105
C,-0.00,0.98,0.43,4.28,32.4,0.105
0,-0.00,0.99,0.44,4.28,32.4,0.105
1,-0.00,0.98,0.44,4.28,32.4,0.105
2,-0.00,0.98,0.42,4.28,32.6,0.105
3,-0.01,0.98,0.42,4.28,32.4,0.105
4,0.00,0.97,0.43,4.28,32.4,0.105
5,-0.00,0.98,0.43,4.28,32.6,0.105
6,-0.00,0.97,0.43,4.28,32.4,0.105
7,-0.00,0.97,0.43,4.28,32.4,0.105
8,0.00,0.98,0.43,4.28,32.6,0.105
9,-0.00,0.98,0.44,4.28,32.4,0.105
C,-0.00,0.98,0.43,4.28,32.4,0.105
0,-0.00,0.99,0.44,4.28,32.6,0.105
1,0.00,0.98,0.43,4.28,32.4,0.105
2,-0.00,0.98,0.44,4.28,32.6,0.105
3,-0.00,0.98,0.44,4.28,32.4,0.105
4,-0.00,0.97,0.44,4.28,32.4,0.103
5,-0.00,0.98,0.45,4.28,32.6,0.105
6,-0.00,0.97,0.44,4.28,32.6,0.105
7,-0.00,0.97,0.44,4.28,32.6,0.105
8,-0.00,0.96,0.45,4.28,32.4,0.105
9,-0.00,0.98,0.44,4.28,32.4,0.105
C,-0.00,0.98,0.44,4.28,32.6,0.103
0,-0.00,0.98,0.44,4.28,32.6,0.105
1,-0.02,1.04,0.48,4.28,32.4,0.105
2,0.04,1.02,0.30,4.28,32.4,0.103
3,0.01,0.97,-0.11,4.28,32.6,0.103
4,0.00,0.93,-0.18,4.28,32.6,0.103
5,0.03,1.00,0.03,4.28,32.4,0.103
6,0.03,1.00,0.17,4.28,32.6,0.103
7,0.00,0.99,0.19,4.28,32.6,0.103
8,0.00,0.98,0.20,4.28,32.6,0.103
9,0.00,0.87,0.23,4.28,32.6,0.105
C,0.01,1.07,0.42,4.28,32.4,0.101
0,0.01,0.97,0.39,4.28,32.4,0.101
1,0.00,0.91,0.37,4.28,32.6,0.101
2,0.00,0.95,0.38,4.28,32.6,0.103
3,0.03,0.82,0.18,4.28,32.6,0.101
4,0.00,0.98,0.34,4.28,32.6,0.101
5,0.00,1.00,0.35,4.28,32.6,0.101
6,0.00,1.02,0.38,4.28,32.6,0.101
7,0.01,1.00,0.38,4.28,32.6,0.101
8,0.00,1.00,0.38,4.28,32.6,0.101
9,0.00,1.00,0.40,4.28,32.6,0.103
C,0.00,0.99,0.38,4.28,32.6,0.101
0,0.01,0.98,0.38,4.28,32.6,0.101
1,0.00,0.99,0.38,4.28,32.6,0.101
2,0.00,0.99,0.37,4.28,32.6,0.101
3,0.00,0.99,0.38,4.28,32.6,0.101
4,0.00,0.99,0.38,4.28,32.6,0.101
5,0.00,1.00,0.39,4.28,32.6,0.101
6,0.00,0.99,0.39,4.28,32.6,0.101
7,0.00,1.00,0.40,4.28,32.6,0.101
8,0.00,0.99,0.38,4.28,32.6,0.099
9,0.00,1.00,0.39,4.28,32.6,0.101
C,0.00,1.00,0.39,4.28,32.6,0.098
0,0.00,0.99,0.38,4.28,32.4,0.101
1,0.00,0.99,0.40,4.28,32.6,0.101
2,0.00,0.99,0.39,4.28,32.4,0.099
3,0.00,0.99,0.39,4.28,32.6,0.099
4,0.00,0.99,0.38,4.28,32.6,0.099
5,0.00,0.99,0.39,4.28,32.6,0.099
6,0.00,0.99,0.39,4.28,32.4,0.101
7,0.00,1.00,0.39,4.28,32.6,0.099
8,0.00,0.98,0.39,4.28,32.6,0.099
9,0.00,0.99,0.38,4.28,32.6,0.099
C,0.00,0.99,0.38,4.28,32.6,0.101
0,0.00,0.98,0.39,4.28,32.6,0.099
1,0.00,0.99,0.39,4.28,32.6,0.099
2,0.00,0.99,0.39,4.28,32.6,0.099
3,0.00,0.99,0.38,4.28,32.6,0.099
4,0.00,0.99,0.39,4.28,32.6,0.099
5,0.00,0.98,0.40,4.28,32.6,0.099
6,0.00,0.99,0.40,4.28,32.6,0.099
7,0.00,0.98,0.41,4.28,32.6,0.096
8,0.00,0.99,0.40,4.28,32.6,0.099
9,0.00,0.99,0.40,4.28,32.6,0.096
C,0.00,0.99,0.40,4.28,32.6,0.099
0,0.00,0.99,0.40,4.28,32.6,0.097
1,0.00,1.00,0.40,4.28,32.6,0.096
2,0.00,0.99,0.40,4.28,32.6,0.099
3,0.01,0.99,0.40,4.28,32.6,0.096
4,0.00,0.98,0.41,4.28,32.6,0.099
5,0.00,0.98,0.40,4.28,32.6,0.097
6,0.00,0.98,0.40,4.28,32.6,0.096
7,0.00,0.99,0.41,4.28,32.6,0.097
8,0.00,0.98,0.41,4.28,32.6,0.096
9,0.00,0.99,0.41,4.28,32.6,0.096
C,0.00,0.98,0.40,4.28,32.6,0.096
0,0.00,0.99,0.41,4.28,32.6,0.096
1,0.00,0.97,0.41,4.28,32.6,0.096
2,0.00,0.98,0.40,4.28,32.6,0.096
3,0.00,0.97,0.42,4.28,32.6,0.097
4,0.00,0.99,0.40,4.28,32.6,0.096
5,0.00,0.99,0.39,4.28,32.6,0.096
6,0.00,0.99,0.39,4.28,32.6,0.097
7,0.00,0.99,0.39,4.28,32.6,0.096
8,0.00,0.99,0.39,4.28,32.6,0.097
9,0.00,0.98,0.38,4.28,32.6,0.096
C,0.00,0.99,0.38,4.28,32.6,0.096
0,0.00,0.99,0.38,4.28,32.6,0.097
1,0.00,0.99,0.38,4.28,32.6,0.096
2,0.00,0.99,0.39,4.28,32.6,0.096
3,0.00,0.99,0.38,4.28,32.6,0.094
4,0.00,0.99,0.38,4.28,32.6,0.097
5,0.00,0.99,0.39,4.28,32.6,0.096
6,0.00,0.99,0.38,4.28,32.6,0.097
7,0.00,0.99,0.39,4.28,32.6,0.096
8,0.00,0.98,0.40,4.28,32.6,0.096
9,0.00,1.00,0.39,4.28,32.6,0.094
C,0.00,0.98,0.38,4.28,32.6,0.096
0,0.00,0.98,0.39,4.28,32.6,0.096
1,0.00,0.99,0.37,4.28,32.6,0.096
2,0.00,0.99,0.38,4.28,32.6,0.096
3,0.00,0.99,0.38,4.28,32.6,0.094
4,0.00,0.98,0.39,4.28,32.6,0.096
5,0.00,1.01,0.39,4.28,32.6,0.096
6,0.01,1.00,0.42,4.28,32.6,0.094
7,0.00,0.99,0.41,4.28,32.6,0.096
8,0.01,0.96,0.37,4.28,32.6,0.094
9,0.00,0.96,0.41,4.28,32.6,0.094
C,0.00,0.98,0.45,4.28,32.6,0.094
0,0.00,1.00,0.42,4.28,32.6,0.094
1,0.03,1.04,0.41,4.28,32.6,0.094
2,0.02,0.99,0.41,4.28,32.6,0.094
3,0.00,0.97,0.43,4.28,32.6,0.094
4,0.01,0.97,0.41,4.28,32.6,0.094
5,0.00,0.99,0.43,4.28,32.6,0.094
6,0.00,0.97,0.43,4.28,32.6,0.094
7,0.00,0.98,0.42,4.28,32.6,0.092
8,0.00,0.97,0.43,4.28,32.6,0.094
9,0.00,0.98,0.42,4.28,32.6,0.094
C,-0.00,0.97,0.44,4.28,32.6,0.094
0,0.01,1.07,0.43,4.28,32.6,0.094
1,0.01,1.53,0.06,4.28,32.6,0.094
2,0.06,0.95,-0.23,4.28,32.9,0.094
3,0.68,0.15,0.11,4.28,32.6,0.094
4,0.70,0.11,0.23,4.28,32.9,0.092
5,0.87,0.06,0.90,4.28,32.6,0.092
6,0.85,0.07,0.59,4.28,32.6,0.092
7,0.77,0.16,0.65,4.28,32.6,0.092
8,0.92,0.27,0.49,4.28,32.6,0.092
9,0.89,0.14,0.59,4.28,32.6,0.094
C,0.88,0.14,0.55,4.28,32.6,0.092
0,0.88,0.12,0.56,4.28,32.6,0.092
1,0.87,0.15,0.57,4.28,32.6,0.092
2,0.88,0.14,0.55,4.28,32.6,0.092
3,0.85,0.09,0.58,4.28,32.6,0.092
4,0.87,0.20,0.50,4.28,32.6,0.092
5,0.88,0.16,0.56,4.28,32.6,0.092
6,0.87,0.13,0.57,4.28,32.6,0.094
7,0.88,0.14,0.55,4.28,32.6,0.092
8,0.87,0.11,0.51,4.28,32.6,0.090
9,0.86,0.11,0.59,4.28,32.6,0.092
C,0.87,0.12,0.59,4.28,32.6,0.092
0,0.88,0.11,0.56,4.28,32.6,0.090
1,0.87,0.11,0.57,4.28,32.6,0.092
2,0.87,0.11,0.57,4.28,32.6,0.092
3,0.89,0.15,0.58,4.28,32.6,0.092
4,0.88,0.10,0.53,4.28,32.6,0.092
5,0.89,0.09,0.55,4.28,32.6,0.092
6,0.88,0.09,0.54,4.28,32.6,0.092
7,0.88,0.14,0.51,4.28,32.6,0.092
8,0.88,0.13,0.57,4.28,32.6,0.090
9,0.89,0.13,0.56,4.28,32.9,0.092
C,0.87,0.14,0.56,4.28,32.6,0.092
0,0.88,0.13,0.57,4.28,32.6,0.090
1,0.87,0.14,0.56,4.28,32.6,0.092
2,0.88,0.12,0.56,4.28,32.6,0.092
3,0.87,0.12,0.57,4.28,32.9,0.090
4,0.88,0.12,0.56,4.28,32.6,0.090
5,0.88,0.13,0.56,4.28,32.6,0.090
6,0.88,0.12,0.56,4.28,32.9,0.090
7,0.87,0.12,0.58,4.28,32.6,0.090
8,0.87,0.11,0.57,4.28,32.6,0.088
9,0.87,0.11,0.57,4.28,32.6,0.090
C,0.86,0.14,0.57,4.28,32.6,0.088
0,0.85,0.10,0.62,4.28,32.6,0.090
1,0.87,0.04,0.59,4.28,32.9,0.090
2,0.86,0.11,0.58,4.28,32.6,0.088
3,0.86,0.09,0.61,4.28,32.6,0.088
4,0.85,0.11,0.58,4.28,32.9,0.090
5,0.86,0.08,0.61,4.28,32.6,0.088
6,0.86,0.08,0.61,4.28,32.6,0.090
7,0.85,0.11,0.55,4.28,32.6,0.090
8,0.87,0.10,0.64,4.28,32.6,0.088
9,0.85,0.10,0.57,4.28,32.9,0.088
C,0.86,0.08,0.59,4.28,32.6,0.088
0,0.87,0.12,0.59,4.28,32.9,0.088
1,0.86,0.10,0.60,4.28,32.6,0.090
2,0.87,0.10,0.59,4.28,32.6,0.088
3,0.86,0.09,0.60,4.28,32.9,0.088
4,0.86,0.10,0.60,4.28,32.6,0.088
5,0.86,0.09,0.60,4.28,32.6,0.088
6,0.86,0.12,0.59,4.28,32.6,0.088
7,0.86,0.13,0.61,4.28,32.6,0.088
8,0.85,0.10,0.61,4.28,32.6,0.088
9,0.86,0.10,0.61,4.28,32.6,0.088
C,0.86,0.08,0.67,4.28,32.9,0.088
0,0.86,0.02,0.57,4.28,32.6,0.088
1,0.91,0.02,0.56,4.28,32.6,0.088
2,0.89,0.11,0.34,4.28,32.6,0.088
3,0.93,0.07,0.50,4.28,32.6,0.088
4,0.95,0.09,0.50,4.28,32.6,0.088
5,0.91,0.11,0.43,4.28,32.6,0.085
6,0.91,0.10,0.49,4.28,32.9,0.088
7,0.92,0.11,0.48,4.28,32.6,0.088
8,0.91,0.09,0.50,4.28,32.6,0.088
9,0.91,0.11,0.49,4.28,32.6,0.088
C,0.91,0.10,0.48,4.28,32.9,0.088
0,0.92,0.10,0.49,4.28,32.9,0.088
1,0.91,0.10,0.47,4.28,32.9,0.088
2,0.92,0.09,0.48,4.28,32.6,0.088
3,0.93,0.12,0.46,4.28,32.6,0.088
4,0.92,0.10,0.49,4.28,32.6,0.088
5,0.92,0.09,0.48,4.28,32.9,0.088
6,0.92,0.10,0.48,4.28,32.9,0.088
7,0.92,0.11,0.48,4.28,32.9,0.088
8,0.91,0.09,0.47,4.28,32.9,0.088
9,0.92,0.09,0.47,4.28,32.9,0.085
C,0.91,0.10,0.47,4.28,32.9,0.086
0,0.92,0.09,0.48,4.28,32.9,0.088
1,0.92,0.10,0.48,4.28,32.9,0.085
2,0.91,0.09,0.47,4.28,32.9,0.085
3,0.91,0.09,0.48,4.28,32.9,0.085
4,0.92,0.09,0.47,4.28,32.9,0.088
5,0.91,0.09,0.47,4.28,32.9,0.088
6,0.91,0.09,0.48,4.28,32.6,0.085
7,0.91,0.09,0.48,4.28,32.9,0.083
8,0.92,0.08,0.48,4.28,32.9,0.083
9,0.92,0.09,0.49,4.28,32.9,0.085
C,0.92,0.09,0.48,4.28,32.9,0.083
0,0.91,0.08,0.48,4.28,32.9,0.083
1,0.92,0.08,0.48,4.28,32.6,0.086
2,0.92,0.08,0.47,4.28,32.9,0.083
3,0.92,0.09,0.47,4.28,32.9,0.083
4,0.92,0.09,0.47,4.28,32.6,0.085
5,0.92,0.08,0.47,4.28,32.9,0.083
6,0.92,0.08,0.48,4.28,32.9,0.083
7,